-8.793227280510562238e+00 -4.271515901226740297e+00 0.000000000000000000e+00
-7.563530314514138375e+00 -3.529939897860089992e+00 0.000000000000000000e+00
-6.500679847899537123e+00 -2.913266910612311023e+00 0.000000000000000000e+00
-5.501004155684845465e+00 -2.344766134142997949e+00 0.000000000000000000e+00
-4.581080323376427899e+00 -1.823864669015045736e+00 0.000000000000000000e+00
-3.752278416751286816e+00 -1.347463177481776464e+00 0.000000000000000000e+00
-3.020495640094941869e+00 -9.101915822301006598e-01 0.000000000000000000e+00
-2.386399810202969984e+00 -5.048499479265478040e-01 0.000000000000000000e+00
-1.846099643590918715e+00 -1.229851073361009628e-01 0.000000000000000000e+00
-1.392115769204471665e+00 2.444571617315130785e-01 0.000000000000000000e+00
-6.570289627939084331e-01 3.200776716701594915e-01 0.000000000000000000e+00
-4.664790873663933746e-01 7.062092945768962959e-01 0.000000000000000000e+00
-2.866762680577037981e-01 1.070605314343516357e+00 0.000000000000000000e+00
-1.484111050315489455e-01 1.446885696634156337e+00 0.000000000000000000e+00
8.536303992784048944e-01 1.425320878322289042e+00 0.000000000000000000e+00
1.820023368422338361e+00 1.442996754638057766e+00 0.000000000000000000e+00
3.250438247187259933e+00 1.507814304988809972e+00 0.000000000000000000e+00
4.345747686704711121e+00 1.490245564826135238e+00 0.000000000000000000e+00
5.732564174704492643e+00 1.595061780077837277e+00 0.000000000000000000e+00
7.130531269632985669e+00 1.681532967424459013e+00 0.000000000000000000e+00
8.057742360271703319e+00 1.904261295145714739e+00 0.000000000000000000e+00
9.452995628591025934e+00 1.984280969107332204e+00 0.000000000000000000e+00
1.038002696006648762e+01 2.191056502513375470e+00 0.000000000000000000e+00
1.130805982199731829e+01 2.383683521543193518e+00 0.000000000000000000e+00
1.176879764086934976e+01 2.696034062169778700e+00 0.000000000000000000e+00
1.223100429602080830e+01 2.988655762447705477e+00 0.000000000000000000e+00
1.269472553937360004e+01 3.259818069231893656e+00 0.000000000000000000e+00
1.315997064256251647e+01 3.508386634871208720e+00 0.000000000000000000e+00
1.362785512802278554e+01 3.733384165847924319e+00 0.000000000000000000e+00
1.456699289845495571e+01 3.797245655208228321e+00 0.000000000000000000e+00
1.503819875788996363e+01 3.975031476790970242e+00 0.000000000000000000e+00
1.598376738850477885e+01 4.001632887036094210e+00 0.000000000000000000e+00
1.646460360446874205e+01 4.152987039060404229e+00 0.000000000000000000e+00
1.695032993628133866e+01 4.291373286572389922e+00 0.000000000000000000e+00
1.744101664238031901e+01 4.416922330689523335e+00 0.000000000000000000e+00
1.793668853382901673e+01 4.529678308061762415e+00 0.000000000000000000e+00
1.843727371255013026e+01 4.629579627750604054e+00 0.000000000000000000e+00
1.894255498211401800e+01 4.716452008538126073e+00 0.000000000000000000e+00
1.945213262301342994e+01 4.790014639255774753e+00 0.000000000000000000e+00
1.990826683338233494e+01 4.855812010059613826e+00 0.000000000000000000e+00
2.037064010133243031e+01 4.849529882998858454e+00 0.000000000000000000e+00
2.083991860939993401e+01 4.837510975652263845e+00 0.000000000000000000e+00
2.135567111900412840e+01 4.841439412496146844e+00 0.000000000000000000e+00
2.164773968221118494e+01 4.832678653299313787e+00 0.000000000000000000e+00
2.198337741218685082e+01 4.815973727554466954e+00 0.000000000000000000e+00
2.245848788783906969e+01 4.801943871025934563e+00 0.000000000000000000e+00
2.293366811375224046e+01 4.776042273194875065e+00 0.000000000000000000e+00
2.342622817132995650e+01 4.698256672429760528e+00 0.000000000000000000e+00
2.391301275873109233e+01 4.613193754801284463e+00 0.000000000000000000e+00
2.439528540780586852e+01 4.516736671848699203e+00 0.000000000000000000e+00
2.487344870249448547e+01 4.509720921481829237e+00 0.000000000000000000e+00
2.534482630454967733e+01 4.486198573590946204e+00 0.000000000000000000e+00
2.580460565987929300e+01 4.328545478693873072e+00 0.000000000000000000e+00
2.625838536685197866e+01 4.171543768888018811e+00 0.000000000000000000e+00
2.670557638620527996e+01 4.001302171149093923e+00 0.000000000000000000e+00
2.714601240320865827e+01 3.816244197600416221e+00 0.000000000000000000e+00
2.757949764885915656e+01 3.614339496955951248e+00 0.000000000000000000e+00
2.800784086506215331e+01 3.388487059178280525e+00 0.000000000000000000e+00
2.842884558461059896e+01 3.140677946200134851e+00 0.000000000000000000e+00
2.884217283937746501e+01 2.868097608655155728e+00 0.000000000000000000e+00
2.924744255282269378e+01 2.568131081679281280e+00 0.000000000000000000e+00
2.964424227875965911e+01 2.238708388270102656e+00 0.000000000000000000e+00
3.003213650836539372e+01 1.878673213654681096e+00 0.000000000000000000e+00
3.041067756557411528e+01 1.488125555833436531e+00 0.000000000000000000e+00
3.077942091344249675e+01 1.068683063854978466e+00 0.000000000000000000e+00
3.116229975443685518e+01 1.021121839900700268e+00 0.000000000000000000e+00
3.152773982267316910e+01 9.153797969814720936e-01 0.000000000000000000e+00
3.191309176060518382e+01 7.833056706203723740e-01 0.000000000000000000e+00
3.228690656116187085e+01 6.348915272241688612e-01 0.000000000000000000e+00
3.264940091607876127e+01 4.788369671677900064e-01 0.000000000000000000e+00
3.300443694062730771e+01 3.176318513179315350e-01 0.000000000000000000e+00
3.335208934486065147e+01 1.572168127429032503e-01 0.000000000000000000e+00
3.369220242154647593e+01 2.786445126594275234e-03 0.000000000000000000e+00
3.395062259032371799e+01 -6.573595123533552131e-01 0.000000000000000000e+00
3.452740962591771989e+01 -5.106979649588012649e-01 0.000000000000000000e+00
3.477242439057052792e+01 -1.103816071115907071e+00 0.000000000000000000e+00
3.501678150057959016e+01 -1.644090887246655308e+00 0.000000000000000000e+00
3.525720769764660645e+01 -2.168211731980015600e+00 0.000000000000000000e+00
3.549335220940685076e+01 -2.678595836627271076e+00 0.000000000000000000e+00
3.572467127296553713e+01 -3.178865366704836326e+00 0.000000000000000000e+00
3.595050172573647274e+01 -3.673579682314123573e+00 0.000000000000000000e+00
3.617013204673644822e+01 -4.167969952081238105e+00 0.000000000000000000e+00
3.638286213200481711e+01 -4.667681338025372106e+00 0.000000000000000000e+00
3.658804733349565197e+01 -5.178518697808795146e+00 0.000000000000000000e+00
3.678971386990351533e+01 -5.708394724205477111e+00 0.000000000000000000e+00
3.698746619956747850e+01 -6.262518781378565436e+00 0.000000000000000000e+00
3.718100656887354916e+01 -6.845502604309545269e+00 0.000000000000000000e+00
3.737013082292317279e+01 -7.461163381575145692e+00 0.000000000000000000e+00
3.755471993134472086e+01 -8.112405924489877407e+00 0.000000000000000000e+00
3.773472844396691528e+01 -8.801217177614995890e+00 0.000000000000000000e+00
3.791017030436533020e+01 -9.528791188207422991e+00 0.000000000000000000e+00
3.826237126291960777e+01 -9.413661494837208821e+00 0.000000000000000000e+00
3.842112446902623901e+01 -1.030859515286397077e+01 0.000000000000000000e+00
3.874243845710173417e+01 -1.026011888673590811e+01 0.000000000000000000e+00
3.888619453613170407e+01 -1.127993187760817406e+01 0.000000000000000000e+00
3.902701963437419153e+01 -1.228851736562223529e+01 0.000000000000000000e+00
3.929576540717236099e+01 -1.289659794943919735e+01 0.000000000000000000e+00
3.954587173958261559e+01 -1.354935435738941862e+01 0.000000000000000000e+00
3.966421574799630889e+01 -1.470215242102069730e+01 0.000000000000000000e+00
3.978312327608325205e+01 -1.591278443743629545e+01 0.000000000000000000e+00
4.002069648181886663e+01 -1.673485090130725794e+01 0.000000000000000000e+00
4.037701806086374035e+01 -1.717110436848184207e+01 0.000000000000000000e+00
4.073364847052943105e+01 -1.767293775899221231e+01 0.000000000000000000e+00
4.097188972899812853e+01 -1.869028940266242245e+01 0.000000000000000000e+00
4.120995839074112155e+01 -1.977204434394015919e+01 0.000000000000000000e+00
4.142098420157437744e+01 -1.988068149390441519e+01 0.000000000000000000e+00
4.163430310501196630e+01 -2.015332008070421921e+01 0.000000000000000000e+00
4.192626014724906014e+01 -2.058407384676880625e+01 0.000000000000000000e+00
4.215685867561830236e+01 -2.212237974372470717e+01 0.000000000000000000e+00
4.227484548914842577e+01 -2.295631139018399480e+01 0.000000000000000000e+00
4.251131521351383924e+01 -2.348947409423773891e+01 0.000000000000000000e+00
4.262934355389744212e+01 -2.450586247330358347e+01 0.000000000000000000e+00
4.274768702647289587e+01 -2.555005757832390856e+01 0.000000000000000000e+00
4.298513144853853163e+01 -2.616740382704231038e+01 0.000000000000000000e+00
4.322333216328841843e+01 -2.680357840754741972e+01 0.000000000000000000e+00
4.334397627875639358e+01 -2.790486608527002943e+01 0.000000000000000000e+00
4.358451656303545718e+01 -2.856860483955729890e+01 0.000000000000000000e+00
4.382665216130972397e+01 -2.924180493458059615e+01 0.000000000000000000e+00
4.407061119425962659e+01 -2.992192580615360242e+01 0.000000000000000000e+00
4.431651510419902706e+01 -3.060667367083224732e+01 0.000000000000000000e+00
4.444574617467210231e+01 -3.174377889170168388e+01 0.000000000000000000e+00
4.469524282222459277e+01 -3.243168590688092934e+01 0.000000000000000000e+00
4.494600704665874957e+01 -3.311795948194604478e+01 0.000000000000000000e+00
4.519746671889016909e+01 -3.379955826581463185e+01 0.000000000000000000e+00
4.542949503787175303e+01 -3.450230417361999002e+01 0.000000000000000000e+00
4.578292911306397173e+01 -3.472686877922517112e+01 0.000000000000000000e+00
4.599274376424513378e+01 -3.548037072847488105e+01 0.000000000000000000e+00
4.620679628912517956e+01 -3.616621328992477657e+01 0.000000000000000000e+00
4.642255219237365793e+01 -3.678230311100831074e+01 0.000000000000000000e+00
4.664543934814645354e+01 -3.888841863305390234e+01 0.000000000000000000e+00
4.688745082557498023e+01 -3.870301568063155884e+01 0.000000000000000000e+00
4.700839823424040986e+01 -3.926564206310278138e+01 0.000000000000000000e+00
4.729145376676893164e+01 -3.971807138797831982e+01 0.000000000000000000e+00
4.763196966687712575e+01 -4.078975763807643773e+01 0.000000000000000000e+00
4.785997024774916753e+01 -4.211816883439695403e+01 0.000000000000000000e+00
4.796953796014446425e+01 -4.382998129494129813e+01 0.000000000000000000e+00
4.807898380871851174e+01 -4.549999506053622866e+01 0.000000000000000000e+00
4.830665283689366163e+01 -4.670401854172388312e+01 0.000000000000000000e+00
4.853377114975049267e+01 -4.791603153811244198e+01 0.000000000000000000e+00
4.881658914584987485e+01 -4.817605729137493142e+01 0.000000000000000000e+00
4.903587066518735327e+01 -4.958688742793945892e+01 0.000000000000000000e+00
4.927461053017628956e+01 -4.965965061996919871e+01 0.000000000000000000e+00
4.951120483348559986e+01 -4.990178020137203418e+01 0.000000000000000000e+00
4.962851779364571314e+01 -5.063178016131154635e+01 0.000000000000000000e+00
4.987585865088901471e+01 -5.089058480851317512e+01 0.000000000000000000e+00
5.000315198500244662e+01 -5.162480677895586467e+01 0.000000000000000000e+00
5.013036183543715651e+01 -5.237137563682428265e+01 0.000000000000000000e+00
5.025741445869720536e+01 -5.312704728635432616e+01 0.000000000000000000e+00
5.050261765097610578e+01 -5.344370771129072750e+01 0.000000000000000000e+00
5.071351253263945580e+01 -5.530547971292699572e+01 0.000000000000000000e+00
5.092720828490224250e+01 -5.703126393854755349e+01 0.000000000000000000e+00
5.106022282301873361e+01 -5.765832528867011320e+01 0.000000000000000000e+00
5.118942171491165993e+01 -5.845982959257300848e+01 0.000000000000000000e+00
5.143767904543430802e+01 -5.882415563328437003e+01 0.000000000000000000e+00
5.180557578922712025e+01 -5.874128530813956672e+01 0.000000000000000000e+00
5.194352988024201778e+01 -5.980851771843861542e+01 0.000000000000000000e+00
5.220206840877054333e+01 -6.037274729640473936e+01 0.000000000000000000e+00
5.241173023503601769e+01 -6.055462992655783694e+01 0.000000000000000000e+00
5.251083235694144946e+01 -6.116737978312068691e+01 0.000000000000000000e+00
5.273255956411674816e+01 -6.127040376041882297e+01 0.000000000000000000e+00
5.297383236928499173e+01 -6.286122005650221212e+01 0.000000000000000000e+00
5.333575625875040771e+01 -6.377173266471859847e+01 0.000000000000000000e+00
5.357727598086775345e+01 -6.504900014194758739e+01 0.000000000000000000e+00
5.394325882110687331e+01 -6.523135181036718677e+01 0.000000000000000000e+00
5.422416507253838347e+01 -6.605954428168968207e+01 0.000000000000000000e+00
5.451347895970441471e+01 -6.676328906243284678e+01 0.000000000000000000e+00
5.464381042479227091e+01 -6.785655486460196073e+01 0.000000000000000000e+00
5.493269755196270410e+01 -6.847855232248458890e+01 0.000000000000000000e+00
5.506827316900331937e+01 -6.951766458414584804e+01 0.000000000000000000e+00
5.520749275997020789e+01 -7.054588131936516504e+01 0.000000000000000000e+00
5.535018187093331932e+01 -7.157101867148034557e+01 0.000000000000000000e+00
5.549581038589865045e+01 -7.259890011986607306e+01 0.000000000000000000e+00
5.579684339846605212e+01 -7.319430810007889932e+01 0.000000000000000000e+00
5.609938336892379596e+01 -7.379873609536194579e+01 0.000000000000000000e+00
5.625019857564780068e+01 -7.485218001234967744e+01 0.000000000000000000e+00
5.655451074660693678e+01 -7.547487260449318569e+01 0.000000000000000000e+00
5.670656585587896359e+01 -7.654283275925678254e+01 0.000000000000000000e+00
5.716423547023987339e+01 -7.673367292438308596e+01 0.000000000000000000e+00
5.746937866322877397e+01 -7.736009886993227269e+01 0.000000000000000000e+00
5.792725656884593377e+01 -7.753696720208264992e+01 0.000000000000000000e+00
5.823252033100577307e+01 -7.813629101530038668e+01 0.000000000000000000e+00
5.853780491966210775e+01 -7.871198212354040891e+01 0.000000000000000000e+00
5.869044768525373001e+01 -7.969745413524843514e+01 0.000000000000000000e+00
5.899574840297399447e+01 -8.020936129434650752e+01 0.000000000000000000e+00
5.930105931823206333e+01 -8.068492382375670502e+01 0.000000000000000000e+00
5.945374946463365973e+01 -8.156484859665910392e+01 0.000000000000000000e+00
5.975917892210934923e+01 -8.197624387445046068e+01 0.000000000000000000e+00
5.991217085891104688e+01 -8.280899124555253366e+01 0.000000000000000000e+00
6.006560902929653878e+01 -8.363915678015166577e+01 0.000000000000000000e+00
6.021984295040436308e+01 -8.448376352001487533e+01 0.000000000000000000e+00
6.037528228407002473e+01 -8.535672977540137651e+01 0.000000000000000000e+00
6.053224400255565740e+01 -8.626400633959383413e+01 0.000000000000000000e+00
6.069315867124446129e+01 -8.642054662781222873e+01 0.000000000000000000e+00
6.085516558619109162e+01 -8.667968628053385771e+01 0.000000000000000000e+00
6.098127179643726237e+01 -8.688746514367930729e+01 0.000000000000000000e+00
6.110627467919246669e+01 -8.709945715888403583e+01 0.000000000000000000e+00
6.122581639436872791e+01 -8.730730442475204711e+01 0.000000000000000000e+00
6.137439262925330041e+01 -8.839999428332180287e+01 0.000000000000000000e+00
6.151195329781220522e+01 -8.942701491404565672e+01 0.000000000000000000e+00
6.164134768209731163e+01 -9.049124322234052897e+01 0.000000000000000000e+00
6.177844965657742193e+01 -9.041032626165495856e+01 0.000000000000000000e+00
6.189737341260227765e+01 -9.060967702352124320e+01 0.000000000000000000e+00
6.200956493735328934e+01 -9.086733650504078241e+01 0.000000000000000000e+00
6.211343751973322469e+01 -9.122486368426339709e+01 0.000000000000000000e+00
6.220779886680741555e+01 -9.156440875472912921e+01 0.000000000000000000e+00
6.230673411934888861e+01 -9.160691821541961133e+01 0.000000000000000000e+00
6.238643511942277087e+01 -9.173691881171211548e+01 0.000000000000000000e+00
6.242386707907252230e+01 -9.274568451840033845e+01 0.000000000000000000e+00
6.245813719609297010e+01 -9.368568911227629314e+01 0.000000000000000000e+00
6.250865738286439210e+01 -9.379835158444093679e+01 0.000000000000000000e+00
6.254729238549023052e+01 -9.391505701789547800e+01 0.000000000000000000e+00
6.256162235144253003e+01 -9.464160715820139558e+01 0.000000000000000000e+00
6.257020534135278211e+01 -9.524214947475708470e+01 0.000000000000000000e+00
6.257081837130559165e+01 -9.579932548352138610e+01 0.000000000000000000e+00
6.256259508868049579e+01 -9.633480939116276431e+01 0.000000000000000000e+00
6.254487371352784209e+01 -9.687748225243470301e+01 0.000000000000000000e+00
6.251724835593167029e+01 -9.746177444717645244e+01 0.000000000000000000e+00
6.247952933412875609e+01 -9.812156859333177295e+01 0.000000000000000000e+00
6.243166829673100438e+01 -9.888011248081626547e+01 0.000000000000000000e+00
6.237361805936753711e+01 -9.898240061523071631e+01 0.000000000000000000e+00
6.230547175318952213e+01 -9.925389304889242226e+01 0.000000000000000000e+00
6.222726162242643255e+01 -9.959529569146489791e+01 0.000000000000000000e+00
6.213903054160873296e+01 -9.998089242689360390e+01 0.000000000000000000e+00
6.204082395403933958e+01 -1.003896883007496115e+02 0.000000000000000000e+00
6.192774676433934644e+01 -1.008088249049312282e+02 0.000000000000000000e+00
6.179992152075882217e+01 -1.012303630936192889e+02 0.000000000000000000e+00
6.165748623301970355e+01 -1.016501641336026154e+02 0.000000000000000000e+00
6.150059442723261327e+01 -1.020661510104609988e+02 0.000000000000000000e+00
6.132941486179441881e+01 -1.024772226471953047e+02 0.000000000000000000e+00
6.114413017626964120e+01 -1.028826943870614912e+02 0.000000000000000000e+00
6.094493120829326216e+01 -1.032820545870773969e+02 0.000000000000000000e+00
6.073199578537531096e+01 -1.036748925699124015e+02 0.000000000000000000e+00
6.050542224971655259e+01 -1.040609417866777022e+02 0.000000000000000000e+00
6.026506209470223041e+01 -1.044402429383752491e+02 0.000000000000000000e+00
6.001020447095412180e+01 -1.048133972015000097e+02 0.000000000000000000e+00
5.973921034726084400e+01 -1.051816182448359882e+02 0.000000000000000000e+00
5.944953525868771749e+01 -1.055457818255847258e+02 0.000000000000000000e+00
5.913485195183627496e+01 -1.059066785268331472e+02 0.000000000000000000e+00
5.879925878263149741e+01 -1.062510719500920970e+02 0.000000000000000000e+00
5.844690695399750524e+01 -1.065586029726123911e+02 0.000000000000000000e+00
5.817696663484663588e+01 -1.071335401944594139e+02 0.000000000000000000e+00
5.785295468766774718e+01 -1.071602353027378030e+02 0.000000000000000000e+00
5.751062450334709553e+01 -1.072044200630505486e+02 0.000000000000000000e+00
5.716629497396566961e+01 -1.076470490116683152e+02 0.000000000000000000e+00
5.680561438505899474e+01 -1.080092887705242077e+02 0.000000000000000000e+00
5.643253460101961139e+01 -1.083381011275704111e+02 0.000000000000000000e+00
5.605160992510514006e+01 -1.086376923647376884e+02 0.000000000000000000e+00
5.566388950209348252e+01 -1.089166594962771057e+02 0.000000000000000000e+00
5.527009219186415123e+01 -1.091816590261907294e+02 0.000000000000000000e+00
5.487070875128392089e+01 -1.094372241688532625e+02 0.000000000000000000e+00
5.446608652514744620e+01 -1.096864953843313373e+02 0.000000000000000000e+00
5.405649257371823069e+01 -1.099319835144836475e+02 0.000000000000000000e+00
5.364215444781623887e+01 -1.101760674311116617e+02 0.000000000000000000e+00
5.322328292682807671e+01 -1.104212406908187774e+02 0.000000000000000000e+00
5.280008310364672042e+01 -1.106701960203197785e+02 0.000000000000000000e+00
5.237275917024076932e+01 -1.109258169065559230e+02 0.000000000000000000e+00
5.194151625134192329e+01 -1.111911148846132136e+02 0.000000000000000000e+00
5.150839082698345806e+01 -1.114643966135032116e+02 0.000000000000000000e+00
5.107341740190710055e+01 -1.117488508703819292e+02 0.000000000000000000e+00
5.063633069571577039e+01 -1.120502287622989286e+02 0.000000000000000000e+00
5.019424635630029741e+01 -1.123880880145473782e+02 0.000000000000000000e+00
4.973358613394529470e+01 -1.128095452340963476e+02 0.000000000000000000e+00
4.934038125556980958e+01 -1.130186902214593658e+02 0.000000000000000000e+00
4.853466413743912256e+01 -1.130836524863882744e+02 0.000000000000000000e+00
4.713030899036473187e+01 -1.133111237977855268e+02 0.000000000000000000e+00
4.622916980379326191e+01 -1.135937969280448101e+02 0.000000000000000000e+00
4.534148218660492091e+01 -1.139653490880644284e+02 0.000000000000000000e+00
4.445724399637069979e+01 -1.141315274922099690e+02 0.000000000000000000e+00
4.313184023179475446e+01 -1.142608439456528941e+02 0.000000000000000000e+00
4.180655660048785904e+01 -1.143999401668263118e+02 0.000000000000000000e+00
4.136479964149919653e+01 -1.148340426140350417e+02 0.000000000000000000e+00
4.048129258701041522e+01 -1.151230472104415270e+02 0.000000000000000000e+00
3.915603275982027043e+01 -1.152644064138074214e+02 0.000000000000000000e+00
3.827252625060605595e+01 -1.155472758280044872e+02 0.000000000000000000e+00
3.738901975094194086e+01 -1.158240921092431819e+02 0.000000000000000000e+00
3.650551325257438862e+01 -1.160934675133631657e+02 0.000000000000000000e+00
3.562200675437880193e+01 -1.163545572722291155e+02 0.000000000000000000e+00
3.473850025620556181e+01 -1.166071006136932482e+02 0.000000000000000000e+00
3.385499375803517808e+01 -1.168514293226480163e+02 0.000000000000000000e+00
3.297148725986515672e+01 -1.170884399583915894e+02 0.000000000000000000e+00
3.252973401078016025e+01 -1.174652290434478346e+02 0.000000000000000000e+00
3.164622751261018863e+01 -1.176921848804065291e+02 0.000000000000000000e+00
3.120447426352520282e+01 -1.180627612890335030e+02 0.000000000000000000e+00
3.074773839291957245e+01 -1.184347190809723003e+02 0.000000000000000000e+00
2.960745603368042822e+01 -1.187600194473143631e+02 0.000000000000000000e+00
2.942823569454484911e+01 -1.190293992601405080e+02 0.000000000000000000e+00
2.901806854493111132e+01 -1.193466991565355926e+02 0.000000000000000000e+00
2.855619079149517248e+01 -1.198014335820529226e+02 0.000000000000000000e+00
2.767067186667509660e+01 -1.200584063204084515e+02 0.000000000000000000e+00
2.634521088215397455e+01 -1.201708920412471713e+02 0.000000000000000000e+00
2.501993101208605097e+01 -1.202894494116277713e+02 0.000000000000000000e+00
2.413642250173407433e+01 -1.205594399121929712e+02 0.000000000000000000e+00
2.281116255326628206e+01 -1.206883380581546987e+02 0.000000000000000000e+00
2.192765603497601390e+01 -1.209661787237707244e+02 0.000000000000000000e+00
2.104414953479407302e+01 -1.212457916381273435e+02 0.000000000000000000e+00
2.016064303642291122e+01 -1.215256929057104145e+02 0.000000000000000000e+00
1.971888978731780639e+01 -1.219501437836821083e+02 0.000000000000000000e+00
1.883538328914582394e+01 -1.222263799386665823e+02 0.000000000000000000e+00
1.795187679097564981e+01 -1.224988338294323711e+02 0.000000000000000000e+00
1.706837029280566043e+01 -1.227663333010930131e+02 0.000000000000000000e+00
1.618486379463568525e+01 -1.230278046035827231e+02 0.000000000000000000e+00
1.530135729646571363e+01 -1.232822806387617049e+02 0.000000000000000000e+00
1.441785079829574201e+01 -1.235289210201626986e+02 0.000000000000000000e+00
1.353434430012577039e+01 -1.237670450402516451e+02 0.000000000000000000e+00
1.265083780195579877e+01 -1.239961741076090505e+02 0.000000000000000000e+00
1.176733130378582715e+01 -1.242160763468107234e+02 0.000000000000000000e+00
1.088382480561585552e+01 -1.244268036556221944e+02 0.000000000000000000e+00
1.000031830744588390e+01 -1.246287110977819310e+02 0.000000000000000000e+00
9.558565058360898092e+00 -1.249681514534185993e+02 0.000000000000000000e+00
8.675058560190926471e+00 -1.251546324790010942e+02 0.000000000000000000e+00
8.233305311105940660e+00 -1.254806567433581961e+02 0.000000000000000000e+00
7.791552062020954850e+00 -1.258017175104483414e+02 0.000000000000000000e+00
7.349798812935969039e+00 -1.261189913562127458e+02 0.000000000000000000e+00
6.908045563850983228e+00 -1.264335198650487371e+02 0.000000000000000000e+00
6.024539065681011607e+00 -1.266004003029069338e+02 0.000000000000000000e+00
5.582785816596025796e+00 -1.269115042901329105e+02 0.000000000000000000e+00
5.141032567511039986e+00 -1.272212156576278801e+02 0.000000000000000000e+00
3.815772820256081665e+00 -1.272378159816935153e+02 0.000000000000000000e+00
2.932266322086109600e+00 -1.273977139447853659e+02 0.000000000000000000e+00
2.048759823916137535e+00 -1.275541912041577461e+02 0.000000000000000000e+00
1.165253325746165469e+00 -1.277059937830163676e+02 0.000000000000000000e+00
7.235000766611794365e-01 -1.279974350677823622e+02 0.000000000000000000e+00
2.817468275761934038e-01 -1.282814015544622634e+02 0.000000000000000000e+00
-6.017596705937786616e-01 -1.284108601237590506e+02 0.000000000000000000e+00
-1.485266168763750727e+00 -1.285303506347473217e+02 0.000000000000000000e+00
-2.368772666933722792e+00 -1.286389498705993333e+02 0.000000000000000000e+00
-2.810525916018709047e+00 -1.288817145147305325e+02 0.000000000000000000e+00
-3.252279165103694858e+00 -1.291125887969866426e+02 0.000000000000000000e+00
-3.694032414188680669e+00 -1.293314917710580687e+02 0.000000000000000000e+00
-4.135785663273666479e+00 -1.295385754403507406e+02 0.000000000000000000e+00
-4.577538912358652290e+00 -1.297341657908670243e+02 0.000000000000000000e+00
-5.019292161443638101e+00 -1.299186925381137314e+02 0.000000000000000000e+00
-5.461045410528623911e+00 -1.300926151102919732e+02 0.000000000000000000e+00
-5.902798659613609722e+00 -1.302563520474932375e+02 0.000000000000000000e+00
-6.344551908698595533e+00 -1.304102199518642919e+02 0.000000000000000000e+00
-6.786305157783581343e+00 -1.305543865507056864e+02 0.000000000000000000e+00
-7.228058406868567154e+00 -1.306888405554924475e+02 0.000000000000000000e+00
-7.669811655953552965e+00 -1.308133790533475747e+02 0.000000000000000000e+00
-8.111564905038539663e+00 -1.309276113755451263e+02 0.000000000000000000e+00
-8.553318154123525474e+00 -1.310309769283117873e+02 0.000000000000000000e+00
-8.996639171762421228e+00 -1.311276156940521105e+02 0.000000000000000000e+00
-9.442936317512922173e+00 -1.312216106779671634e+02 0.000000000000000000e+00
-9.891995868987672580e+00 -1.313121454501276446e+02 0.000000000000000000e+00
-1.034360278094087704e+01 -1.313983645627616852e+02 0.000000000000000000e+00
-1.079754078824897690e+01 -1.314794048565196078e+02 0.000000000000000000e+00
-1.125359250947550649e+01 -1.315544203605678035e+02 0.000000000000000000e+00
-1.171153955097052801e+01 -1.316225996715667179e+02 0.000000000000000000e+00
-1.217116261145478440e+01 -1.316831756326188838e+02 0.000000000000000000e+00
-1.263224158703851252e+01 -1.317354279497136531e+02 0.000000000000000000e+00
-1.309455567662459607e+01 -1.317786800193449608e+02 0.000000000000000000e+00
-1.355788348764560602e+01 -1.318122916623756566e+02 0.000000000000000000e+00
-1.402200314208407406e+01 -1.318356496555698811e+02 0.000000000000000000e+00
-1.448669238272525206e+01 -1.318481579338574932e+02 0.000000000000000000e+00
-1.495172867959144725e+01 -1.318492291304542903e+02 0.000000000000000000e+00
-1.541688933650698345e+01 -1.318382787685380322e+02 0.000000000000000000e+00
-1.588195159774275389e+01 -1.318147229667681302e+02 0.000000000000000000e+00
-1.634669275468928973e+01 -1.317779800265203107e+02 0.000000000000000000e+00
-1.681089025250726010e+01 -1.317274757872722262e+02 0.000000000000000000e+00
-1.727432179670434920e+01 -1.316626522197529425e+02 0.000000000000000000e+00
-1.773618843973610382e+01 -1.315880353087807180e+02 0.000000000000000000e+00
-1.819599255526478743e+01 -1.315030981361062175e+02 0.000000000000000000e+00
-1.865323873916988617e+01 -1.314073545009675286e+02 0.000000000000000000e+00
-1.910743434330852963e+01 -1.313003710299924762e+02 0.000000000000000000e+00
-1.955809000630658190e+01 -1.311817778769647020e+02 0.000000000000000000e+00
-2.000472018080845160e+01 -1.310512774784837688e+02 0.000000000000000000e+00
-2.044684365661761660e+01 -1.309086510875181375e+02 0.000000000000000000e+00
-2.088398407916417554e+01 -1.307537630316926993e+02 0.000000000000000000e+00
-2.131567046274082244e+01 -1.305865628058661798e+02 0.000000000000000000e+00
-2.174143769795428938e+01 -1.304070851940485340e+02 0.000000000000000000e+00
-2.216082705284550514e+01 -1.302154486263773947e+02 0.000000000000000000e+00
-2.257338666713854636e+01 -1.300118519306027167e+02 0.000000000000000000e+00
-2.297867203908587186e+01 -1.297965695627097489e+02 0.000000000000000000e+00
-2.337624650438529628e+01 -1.295699453298488208e+02 0.000000000000000000e+00
-2.376568170665272461e+01 -1.293323845785398021e+02 0.000000000000000000e+00
-2.414655805894371099e+01 -1.290843448295213136e+02 0.000000000000000000e+00
-2.451846519582662864e+01 -1.288263249000719668e+02 0.000000000000000000e+00
-2.488100241552035286e+01 -1.285588526514937655e+02 0.000000000000000000e+00
-2.523377911162008758e+01 -1.282824716060649450e+02 0.000000000000000000e+00
-2.557641519394619678e+01 -1.279977267575744690e+02 0.000000000000000000e+00
-2.591208508480762518e+01 -1.277014964075890191e+02 0.000000000000000000e+00
-2.624062803890021556e+01 -1.273944809938339233e+02 0.000000000000000000e+00
-2.656188672386106830e+01 -1.270773459559628691e+02 0.000000000000000000e+00
-2.687570729561171845e+01 -1.267507060055951911e+02 0.000000000000000000e+00
-2.718193947203085870e+01 -1.264151083637803765e+02 0.000000000000000000e+00
-2.748043660492131579e+01 -1.260710139483148708e+02 0.000000000000000000e+00
-2.777105575023679762e+01 -1.257187751888122733e+02 0.000000000000000000e+00
-2.805365773653483075e+01 -1.253586090555338188e+02 0.000000000000000000e+00
-2.832810723162304001e+01 -1.249905641485148635e+02 0.000000000000000000e+00
-2.859427280736692722e+01 -1.246144814363144633e+02 0.000000000000000000e+00
-2.885202700262805209e+01 -1.242299495421739266e+02 0.000000000000000000e+00
-2.910124638430251309e+01 -1.238362573407383564e+02 0.000000000000000000e+00
-2.934181160643048614e+01 -1.234323489033814809e+02 0.000000000000000000e+00
-2.957360746734851276e+01 -1.230167881960448142e+02 0.000000000000000000e+00
-2.979652296485716789e+01 -1.225877429007151562e+02 0.000000000000000000e+00
-3.001045134937769987e+01 -1.221429976893764007e+02 0.000000000000000000e+00
-3.021529017507217674e+01 -1.216800066037079517e+02 0.000000000000000000e+00
-3.041094134890266076e+01 -1.211959914068466730e+02 0.000000000000000000e+00
-3.059731117760591346e+01 -1.206880877225788282e+02 0.000000000000000000e+00
-3.077431041256113886e+01 -1.201535337883099430e+02 0.000000000000000000e+00
-3.094659228310547405e+01 -1.195880294114171818e+02 0.000000000000000000e+00
-3.111413616307363483e+01 -1.189898369523370718e+02 0.000000000000000000e+00
-3.127692199354851255e+01 -1.183579756770336786e+02 0.000000000000000000e+00
-3.143493028526270194e+01 -1.176923822207374997e+02 0.000000000000000000e+00
-3.158814212093180629e+01 -1.169939965838692331e+02 0.000000000000000000e+00
-3.173653915751929233e+01 -1.162647539131034762e+02 0.000000000000000000e+00
-3.203333323069426797e+01 -1.159467313213727522e+02 0.000000000000000000e+00
-3.233012730386924005e+01 -1.156026226092968159e+02 0.000000000000000000e+00
-3.262692137704421214e+01 -1.152363675920318400e+02 0.000000000000000000e+00
-3.292371545021918422e+01 -1.148519655551143899e+02 0.000000000000000000e+00
-3.322050952339415630e+01 -1.144531364946202103e+02 0.000000000000000000e+00
-3.351730359656912839e+01 -1.140430157493194656e+02 0.000000000000000000e+00
-3.366570063315661798e+01 -1.131830633616874024e+02 0.000000000000000000e+00
-3.381409766974410758e+01 -1.123154899575322361e+02 0.000000000000000000e+00
-3.396249470633159717e+01 -1.114406634874994921e+02 0.000000000000000000e+00
-3.411089174291908677e+01 -1.105580464851970675e+02 0.000000000000000000e+00
-3.440768581609405885e+01 -1.101072304353248086e+02 0.000000000000000000e+00
-3.455608285268154845e+01 -1.092047679148274284e+02 0.000000000000000000e+00
-3.485287692585652053e+01 -1.087304502880221833e+02 0.000000000000000000e+00
-3.500127396244401012e+01 -1.078007666433885845e+02 0.000000000000000000e+00
-3.529806803561898221e+01 -1.072960141899306308e+02 0.000000000000000000e+00
-3.544646507220647180e+01 -1.063336717465849262e+02 0.000000000000000000e+00
-3.559486210879396140e+01 -1.053545191989240095e+02 0.000000000000000000e+00
-3.589165618196893348e+01 -1.048001172231437153e+02 0.000000000000000000e+00
-3.618845025514390557e+01 -1.042310515502667556e+02 0.000000000000000000e+00
-3.648524432831887765e+01 -1.036493717023827656e+02 0.000000000000000000e+00
-3.678203840149384973e+01 -1.030575481506894562e+02 0.000000000000000000e+00
-3.707883247466882182e+01 -1.024582471847526932e+02 0.000000000000000000e+00
-3.737562654784379390e+01 -1.018540949057183695e+02 0.000000000000000000e+00
-3.767242062101876598e+01 -1.012474548552358726e+02 0.000000000000000000e+00
-3.796921469419373807e+01 -1.006402386870604175e+02 0.000000000000000000e+00
-3.811761173078122766e+01 -9.959290722270918650e+01 0.000000000000000000e+00
-3.826600876736871726e+01 -9.854694159788265040e+01 0.000000000000000000e+00
-3.856280284054368934e+01 -9.794308826495640119e+01 0.000000000000000000e+00
-3.871119987713117894e+01 -9.689879229254749760e+01 0.000000000000000000e+00
-3.900799395030615102e+01 -9.629421697541390301e+01 0.000000000000000000e+00
-3.930478802348112310e+01 -9.568632479940120561e+01 0.000000000000000000e+00
-3.960158209665609519e+01 -9.507239102228817273e+01 0.000000000000000000e+00
-3.989837616983106727e+01 -9.444926967255123884e+01 0.000000000000000000e+00
-4.004677320641855687e+01 -9.337268743213115840e+01 0.000000000000000000e+00
-4.019517024300604646e+01 -9.227998499880402505e+01 0.000000000000000000e+00
-4.049196431618101855e+01 -9.160860772352620529e+01 0.000000000000000000e+00
-4.078755982429338189e+01 -9.091105150277982716e+01 0.000000000000000000e+00
-4.092588440887991652e+01 -8.972111134804737276e+01 0.000000000000000000e+00
-4.121126437677449417e+01 -8.894106928244526955e+01 0.000000000000000000e+00
-4.149311701428707977e+01 -8.812268494093122229e+01 0.000000000000000000e+00
-4.174821960488619510e+01 -8.719710351696124917e+01 0.000000000000000000e+00
-4.203628043123916314e+01 -8.634291348643574793e+01 0.000000000000000000e+00
-4.234583692280398282e+01 -8.552831487802743027e+01 0.000000000000000000e+00
-4.265641214810916182e+01 -8.469566914518642875e+01 0.000000000000000000e+00
-4.312731427172147392e+01 -8.432221244417097239e+01 0.000000000000000000e+00
-4.344124902079634865e+01 -8.346985516698926233e+01 0.000000000000000000e+00
-4.375518376987122338e+01 -8.260974358074707879e+01 0.000000000000000000e+00
-4.406911851894609811e+01 -8.174676201593635483e+01 0.000000000000000000e+00
-4.454002064255841020e+01 -8.135191859213551879e+01 0.000000000000000000e+00
-4.469698801709584757e+01 -8.003054609689991139e+01 0.000000000000000000e+00
-4.501092276617072230e+01 -7.918527021737435234e+01 0.000000000000000000e+00
-4.532485751524559703e+01 -7.835270620211018411e+01 0.000000000000000000e+00
-4.548182488978303439e+01 -7.706861633677802104e+01 0.000000000000000000e+00
-4.579575963885790912e+01 -7.626679674719400737e+01 0.000000000000000000e+00
-4.626666176247022122e+01 -7.594748619015621216e+01 0.000000000000000000e+00
-4.658059651154509595e+01 -7.517740034518178049e+01 0.000000000000000000e+00
-4.689453126061997068e+01 -7.442139137195084686e+01 0.000000000000000000e+00
-4.705149863515740805e+01 -7.321099610632090560e+01 0.000000000000000000e+00
-4.736543338423228278e+01 -7.247617666308310902e+01 0.000000000000000000e+00
-4.752240075876972014e+01 -7.128129848050311068e+01 0.000000000000000000e+00
-4.767936813330715751e+01 -7.008953341176500373e+01 0.000000000000000000e+00
-4.783633550784459487e+01 -6.889777901434527507e+01 0.000000000000000000e+00
-4.830723763145690697e+01 -6.863575464862557851e+01 0.000000000000000000e+00
-4.859743402356603781e+01 -6.783137233824047030e+01 0.000000000000000000e+00
-4.889452686204910492e+01 -6.703967266666330715e+01 0.000000000000000000e+00
-4.918724419047592988e+01 -6.622520584907245222e+01 0.000000000000000000e+00
-4.933672490069648120e+01 -6.497373947095319124e+01 0.000000000000000000e+00
-4.976702468513136779e+01 -6.454350304956086859e+01 0.000000000000000000e+00
-5.005495399772346587e+01 -6.367580028986813545e+01 0.000000000000000000e+00
-5.034288331031556396e+01 -6.279205261720235143e+01 0.000000000000000000e+00
-5.063081262290766205e+01 -6.189064278174716094e+01 0.000000000000000000e+00
-5.091874193549976013e+01 -6.096987352168153507e+01 0.000000000000000000e+00
-5.120667124809185111e+01 -6.002804170288513319e+01 0.000000000000000000e+00
-5.149460056068391367e+01 -5.906357739250724137e+01 0.000000000000000000e+00
-5.178252987327589096e+01 -5.807523477799019673e+01 0.000000000000000000e+00
-5.207045918586764799e+01 -5.706231230703665602e+01 0.000000000000000000e+00
-5.235838849845868026e+01 -5.602487319647248398e+01 0.000000000000000000e+00
-5.250235315475161002e+01 -5.453624835922298075e+01 0.000000000000000000e+00
-5.293424712363103879e+01 -5.388160568983950327e+01 0.000000000000000000e+00
-5.337444447769842526e+01 -5.323348629968189982e+01 0.000000000000000000e+00
-5.367898056063093293e+01 -5.216856110892562981e+01 0.000000000000000000e+00
-5.398351664345319278e+01 -5.109520057243942404e+01 0.000000000000000000e+00
-5.459258880900892308e+01 -5.092426724605980581e+01 0.000000000000000000e+00
-5.489712489085558644e+01 -4.985305411175297507e+01 0.000000000000000000e+00
-5.535392901255623599e+01 -4.924562751891811985e+01 0.000000000000000000e+00
-5.565846508866475517e+01 -4.820429417441371811e+01 0.000000000000000000e+00
-5.596300115532453390e+01 -4.718818227638912788e+01 0.000000000000000000e+00
-5.626753720044018081e+01 -4.620359573044582646e+01 0.000000000000000000e+00
-5.657207319764318498e+01 -4.525618347884975634e+01 0.000000000000000000e+00
-5.687660909090651984e+01 -4.435079856816395250e+01 0.000000000000000000e+00
-5.718114476426148940e+01 -4.349140201412208739e+01 0.000000000000000000e+00
-5.748567998396484313e+01 -4.268100944648136164e+01 0.000000000000000000e+00
-5.794248239420088709e+01 -4.237403223272934838e+01 0.000000000000000000e+00
-5.823212144138421564e+01 -4.167174260172017597e+01 0.000000000000000000e+00
-5.836945414088238238e+01 -4.056940411278266367e+01 0.000000000000000000e+00
-5.850177042191548793e+01 -3.952038406150891348e+01 0.000000000000000000e+00
-5.875131361933837582e+01 -3.898471304646254509e+01 0.000000000000000000e+00
-5.886847409020850108e+01 -3.803901417879054492e+01 0.000000000000000000e+00
-5.898052698600496058e+01 -3.714083791915450661e+01 0.000000000000000000e+00
-5.908743198191809398e+01 -3.628732186767780377e+01 0.000000000000000000e+00
-5.928600018973134667e+01 -3.594264269597000805e+01 0.000000000000000000e+00
-5.946393357877501273e+01 -3.563904025070887371e+01 0.000000000000000000e+00
-5.954470832488019028e+01 -3.490135202744603760e+01 0.000000000000000000e+00
-5.961993287432236599e+01 -3.419422379576531057e+01 0.000000000000000000e+00
-5.968940338893528263e+01 -3.351384237304789337e+01 0.000000000000000000e+00
-5.975284888519695414e+01 -3.285639085923729397e+01 0.000000000000000000e+00
-5.980992043106547840e+01 -3.221811804467243689e+01 0.000000000000000000e+00
-5.986018532981147189e+01 -3.159541320849521640e+01 0.000000000000000000e+00
-5.990312992243233481e+01 -3.098488361925603840e+01 0.000000000000000000e+00
-5.993297452143346504e+01 -3.038391110846369614e+01 0.000000000000000000e+00
-5.994909237518380962e+01 -2.978960878808398860e+01 0.000000000000000000e+00
-5.995087606619043896e+01 -2.919953510769565597e+01 0.000000000000000000e+00
-5.993780423126709422e+01 -2.861176147763958255e+01 0.000000000000000000e+00
-5.990222192766788112e+01 -2.850217662085010417e+01 0.000000000000000000e+00
-5.984855084774630285e+01 -2.791536045091918083e+01 0.000000000000000000e+00
-5.978012768445941560e+01 -2.732860507754975288e+01 0.000000000000000000e+00
-5.969757343275621508e+01 -2.674266728327206621e+01 0.000000000000000000e+00
-5.960193410497713273e+01 -2.615908002076722383e+01 0.000000000000000000e+00
-5.949467047623714677e+01 -2.558014444893240835e+01 0.000000000000000000e+00
-5.937241308847967503e+01 -2.500824773947488211e+01 0.000000000000000000e+00
-5.923724831870521257e+01 -2.444679721350034995e+01 0.000000000000000000e+00
-5.909135987287772451e+01 -2.389962270725743565e+01 0.000000000000000000e+00
-5.893685007341480997e+01 -2.337073280624391458e+01 0.000000000000000000e+00
-5.904555947184721276e+01 -2.333649830561459027e+01 0.000000000000000000e+00
-5.910515361303626491e+01 -2.327537425521349235e+01 0.000000000000000000e+00
-5.914417197166746121e+01 -2.323538109896506398e+01 0.000000000000000000e+00
-5.916367803133604752e+01 -2.321632129827074920e+01 0.000000000000000000e+00
-5.916425651116261974e+01 -2.321687555716471252e+01 0.000000000000000000e+00
-5.914607658511533828e+01 -2.323455964281442121e+01 0.000000000000000000e+00
-5.910900866337983928e+01 -2.326580336266713545e+01 0.000000000000000000e+00
-5.904878098366565808e+01 -2.330277953135039581e+01 0.000000000000000000e+00
-5.872923502519466155e+01 -2.301975838783373263e+01 0.000000000000000000e+00
-5.848186722585502650e+01 -2.271436611867940059e+01 0.000000000000000000e+00
-5.822171793864284695e+01 -2.241785127676767075e+01 0.000000000000000000e+00
-5.794780284247335089e+01 -2.212745696291487718e+01 0.000000000000000000e+00
-5.765951617317804789e+01 -2.184091484528483207e+01 0.000000000000000000e+00
-5.735662412218800199e+01 -2.155649301213362889e+01 0.000000000000000000e+00
-5.703922558038531321e+01 -2.127296561723373003e+01 0.000000000000000000e+00
-5.670769196245102961e+01 -2.098951812672084571e+01 0.000000000000000000e+00
-5.636259780170583156e+01 -2.070560718905976216e+01 0.000000000000000000e+00
-5.600465205545329894e+01 -2.042079581967691482e+01 0.000000000000000000e+00
-5.563463733014254586e+01 -2.013458346219226414e+01 0.000000000000000000e+00
-5.525336122833910224e+01 -1.984624762864201131e+01 0.000000000000000000e+00
-5.486457979248530847e+01 -1.955901394435871055e+01 0.000000000000000000e+00
-5.446881379940203516e+01 -1.927151255762679583e+01 0.000000000000000000e+00
-5.406653771312079471e+01 -1.898184798171663346e+01 0.000000000000000000e+00
-5.365817631479055194e+01 -1.868758740919161099e+01 0.000000000000000000e+00
-5.324410705884617556e+01 -1.838579608262803688e+01 0.000000000000000000e+00
-5.282466582772767794e+01 -1.807311908435272230e+01 0.000000000000000000e+00
-5.240015421749392033e+01 -1.774590605683750155e+01 0.000000000000000000e+00
-5.197084701405718477e+01 -1.740037214228980034e+01 0.000000000000000000e+00
-5.153699900974433490e+01 -1.703278513758729318e+01 0.000000000000000000e+00
-5.109885070084226300e+01 -1.663966599900495069e+01 0.000000000000000000e+00
-5.065663267183542473e+01 -1.621798794788286813e+01 0.000000000000000000e+00
-5.021245293813658606e+01 -1.577022962639106218e+01 0.000000000000000000e+00
-4.976636934203729368e+01 -1.529484584667469171e+01 0.000000000000000000e+00
-4.842809775780362003e+01 -1.513560554291500715e+01 0.000000000000000000e+00
-4.708979269732450490e+01 -1.495329226172343162e+01 0.000000000000000000e+00
-4.575143115352629053e+01 -1.474917925916374450e+01 0.000000000000000000e+00
-4.485905219223926821e+01 -1.435567759985565317e+01 0.000000000000000000e+00
-4.396648823153495300e+01 -1.394551475432784393e+01 0.000000000000000000e+00
-4.262751015269724775e+01 -1.369205564972141254e+01 0.000000000000000000e+00
-4.173404324452058489e+01 -1.325981785452410477e+01 0.000000000000000000e+00
-4.039352059579260867e+01 -1.299257340773398184e+01 0.000000000000000000e+00
-3.905139247473903907e+01 -1.272475151698984774e+01 0.000000000000000000e+00
-3.770668009152268496e+01 -1.246022016913196850e+01 0.000000000000000000e+00
-3.680399104633096385e+01 -1.203246997770507498e+01 0.000000000000000000e+00
-3.544904121336347202e+01 -1.178351800453254050e+01 0.000000000000000000e+00
-3.408490283767788043e+01 -1.154500002928483404e+01 0.000000000000000000e+00
-3.315352221855624748e+01 -1.114730379589171605e+01 0.000000000000000000e+00
-3.175742595969779103e+01 -1.092925689041280535e+01 0.000000000000000000e+00
-3.122775072696225962e+01 -1.037882152393010848e+01 0.000000000000000000e+00
-3.066403776070039200e+01 -9.832746606400128542e+00 0.000000000000000000e+00
-2.961055906090378897e+01 -9.457602546966462853e+00 0.000000000000000000e+00
-2.894791927678091881e+01 -8.908441161365393768e+00 0.000000000000000000e+00
-2.821850777575353675e+01 -8.351642842668180577e+00 0.000000000000000000e+00
-2.741060433733665747e+01 -7.783803445041269420e+00 0.000000000000000000e+00
-2.606839902381896223e+01 -7.374951080488840738e+00 0.000000000000000000e+00
-2.507359730075500792e+01 -6.779918793281780154e+00 0.000000000000000000e+00
-2.353138808482480115e+01 -6.346284468077432628e+00 0.000000000000000000e+00
-2.055398253392118235e+01 -6.430553203373598592e+00 0.000000000000000000e+00
-1.880936558548926030e+01 -5.986704899964723658e+00 0.000000000000000000e+00
-1.697549439798965309e+01 -5.547950748959584288e+00 0.000000000000000000e+00
-1.462543342702837812e+01 -5.302810168339997077e+00 0.000000000000000000e+00
-1.266301856583564778e+01 -4.900197514292612411e+00 0.000000000000000000e+00
-1.066953332111981112e+01 -4.529061911419655750e+00 0.000000000000000000e+00
-1.249846467526310789e+00 3.659743814096599324e-01 0.000000000000000000e+00
3.625137993676452730e-01 1.437380467199975698e+00 0.000000000000000000e+00
1.361097947964684307e+00 1.438949155471739294e+00 0.000000000000000000e+00
3.569081399749148176e+00 1.570901544525940885e+00 0.000000000000000000e+00
2.037524885382557471e+01 4.855227155454107546e+00 0.000000000000000000e+00
2.243332552362605270e+01 4.802228689741600220e+00 0.000000000000000000e+00
2.487205104434611869e+01 4.500468677203980583e+00 0.000000000000000000e+00
3.115403918109958070e+01 9.843307107680585588e-01 0.000000000000000000e+00
3.185772342015858527e+01 7.757762151714980847e-01 0.000000000000000000e+00
3.218291393970899605e+01 6.600141893552616823e-01 0.000000000000000000e+00
3.250025263582003987e+01 5.294475646998056950e-01 0.000000000000000000e+00
3.280981712322452637e+01 3.894890259689501311e-01 0.000000000000000000e+00
3.311218515987482647e+01 2.455363405768890839e-01 0.000000000000000000e+00
3.340098504527079371e+01 9.601745922929422195e-02 0.000000000000000000e+00
3.423843777525118526e+01 -6.085923894047921001e-01 0.000000000000000000e+00
3.808723981707508699e+01 -9.478226500699703294e+00 0.000000000000000000e+00
3.858261654767468940e+01 -1.029345573473436382e+01 0.000000000000000000e+00
4.136039907447762687e+01 -2.023077179870949749e+01 0.000000000000000000e+00
4.171588079100957458e+01 -2.069194374310347939e+01 0.000000000000000000e+00
4.228259047414858429e+01 -2.263213423529690616e+01 0.000000000000000000e+00
4.240820167981943456e+01 -2.318741710164038139e+01 0.000000000000000000e+00
4.253371338767924215e+01 -2.378645585279022612e+01 0.000000000000000000e+00
4.265910066999128247e+01 -2.442683937824608975e+01 0.000000000000000000e+00
4.291072562683404357e+01 -2.462623390937279311e+01 0.000000000000000000e+00
4.316191817831530386e+01 -2.486211571716315660e+01 0.000000000000000000e+00
4.328587188334958569e+01 -2.561314879473338735e+01 0.000000000000000000e+00
4.340854880964742080e+01 -2.640040908540218112e+01 0.000000000000000000e+00
4.352928556128011195e+01 -2.722667705631683788e+01 0.000000000000000000e+00
4.364728254839963029e+01 -2.809647857430934081e+01 0.000000000000000000e+00
4.388813598139718408e+01 -2.853559480622674016e+01 0.000000000000000000e+00
4.399810010692870321e+01 -2.950856178674075281e+01 0.000000000000000000e+00
4.422948180158793718e+01 -3.005935091477135046e+01 0.000000000000000000e+00
4.432909600063806721e+01 -3.114735479588276590e+01 0.000000000000000000e+00
4.442364020198767349e+01 -3.228835093964413261e+01 0.000000000000000000e+00
4.464036486611155397e+01 -3.299287766005049605e+01 0.000000000000000000e+00
4.498056989514989112e+01 -3.324593928628800654e+01 0.000000000000000000e+00
4.529664496866416812e+01 -3.518012524978121291e+01 0.000000000000000000e+00
4.590879871215316399e+01 -3.596517583832734033e+01 0.000000000000000000e+00
4.616519503053966389e+01 -3.648337577219805183e+01 0.000000000000000000e+00
4.720993917496806347e+01 -3.935370566233635969e+01 0.000000000000000000e+00
4.873587314315349772e+01 -4.784216626263402361e+01 0.000000000000000000e+00
4.927571655257764860e+01 -4.978210675331733626e+01 0.000000000000000000e+00
4.951486000565255097e+01 -5.001849799092158122e+01 0.000000000000000000e+00
4.972795662350022639e+01 -5.156933424938104338e+01 0.000000000000000000e+00
4.982785722574556075e+01 -5.240033304202047759e+01 0.000000000000000000e+00
5.005286661595739872e+01 -5.277848784164951468e+01 0.000000000000000000e+00
5.027655317066829355e+01 -5.317928471568229298e+01 0.000000000000000000e+00
5.127221615330292792e+01 -5.700373840968366324e+01 0.000000000000000000e+00
5.149054598925626891e+01 -5.747045390683704369e+01 0.000000000000000000e+00
5.158257053053984009e+01 -5.842519279730996828e+01 0.000000000000000000e+00
5.201617202396252537e+01 -5.913839631865650404e+01 0.000000000000000000e+00
5.210603918459399608e+01 -5.983346135376999086e+01 0.000000000000000000e+00
5.246466633045245231e+01 -6.098721762773678279e+01 0.000000000000000000e+00
5.362325411939314534e+01 -6.547773988531073996e+01 0.000000000000000000e+00
5.378336912515852930e+01 -6.533178246635520736e+01 0.000000000000000000e+00
5.380709104349317329e+01 -6.556938944820518600e+01 0.000000000000000000e+00
5.393114848776994563e+01 -6.522920621827839227e+01 0.000000000000000000e+00
6.069306473855251483e+01 -8.650139924366737887e+01 0.000000000000000000e+00
6.104488470902424524e+01 -8.707607117329567359e+01 0.000000000000000000e+00
6.200852775702604447e+01 -9.095849772012446977e+01 0.000000000000000000e+00
6.211062006263209412e+01 -9.131423900781038583e+01 0.000000000000000000e+00
6.250092557301181273e+01 -9.386559799751128708e+01 0.000000000000000000e+00
6.238054584498195254e+01 -9.908151481591916365e+01 0.000000000000000000e+00
6.231862242748811553e+01 -9.937998110237293758e+01 0.000000000000000000e+00
6.224593333769078640e+01 -9.975439861572924372e+01 0.000000000000000000e+00
6.216251819318320315e+01 -1.001791470760018541e+02 0.000000000000000000e+00
6.206841985412185636e+01 -1.006319901184438805e+02 0.000000000000000000e+00
6.195838558059501366e+01 -1.010984225606420779e+02 0.000000000000000000e+00
6.183253459518676465e+01 -1.015691506269418909e+02 0.000000000000000000e+00
6.169100277504527696e+01 -1.020391065213297850e+02 0.000000000000000000e+00
6.153394277037224924e+01 -1.025056563137851811e+02 0.000000000000000000e+00
6.136152420566829591e+01 -1.029673889085764387e+02 0.000000000000000000e+00
6.117393496837177480e+01 -1.034234406675266058e+02 0.000000000000000000e+00
6.097138767477939325e+01 -1.038731464364498578e+02 0.000000000000000000e+00
6.075414572510167943e+01 -1.043157936604301028e+02 0.000000000000000000e+00
6.052260977317091317e+01 -1.047502091083507452e+02 0.000000000000000000e+00
6.027755075119355865e+01 -1.051737525034906469e+02 0.000000000000000000e+00
6.002059831998661821e+01 -1.055801725735703371e+02 0.000000000000000000e+00
5.975495695253837880e+01 -1.059562680430142052e+02 0.000000000000000000e+00
5.948586621791815787e+01 -1.062791537150264958e+02 0.000000000000000000e+00
5.921975153956802274e+01 -1.065185595159069294e+02 0.000000000000000000e+00
5.896127662287887716e+01 -1.066481452000472956e+02 0.000000000000000000e+00
5.870945630123193126e+01 -1.066621425519768422e+02 0.000000000000000000e+00
5.785260110893960928e+01 -1.072057393622751817e+02 0.000000000000000000e+00
4.916279715852492416e+01 -1.129358166377547263e+02 0.000000000000000000e+00
4.439874714134637657e+01 -1.142332495407587771e+02 0.000000000000000000e+00
4.298534937557693070e+01 -1.145836894105235046e+02 0.000000000000000000e+00
4.204312211497804697e+01 -1.149339238731231063e+02 0.000000000000000000e+00
4.110090254470914317e+01 -1.152475504238095851e+02 0.000000000000000000e+00
4.015868390101805829e+01 -1.155118997735776958e+02 0.000000000000000000e+00
3.968757462631090505e+01 -1.158227033227348670e+02 0.000000000000000000e+00
3.827424684220557083e+01 -1.161961260680536725e+02 0.000000000000000000e+00
3.686091905949010794e+01 -1.165955940004795934e+02 0.000000000000000000e+00
3.591870053777553551e+01 -1.169530251453582537e+02 0.000000000000000000e+00
3.497648201607756846e+01 -1.172707087255144529e+02 0.000000000000000000e+00
3.403426349438140619e+01 -1.175793091728344990e+02 0.000000000000000000e+00
3.309204497268542866e+01 -1.178367628606870312e+02 0.000000000000000000e+00
3.262093571183745411e+01 -1.180436743460295475e+02 0.000000000000000000e+00
3.214982645098947955e+01 -1.182596367116700549e+02 0.000000000000000000e+00
3.120760792929353045e+01 -1.185198723451072311e+02 0.000000000000000000e+00
3.026538940759758134e+01 -1.187702242700954542e+02 0.000000000000000000e+00
2.980926276827025134e+01 -1.189683267029970466e+02 0.000000000000000000e+00
2.957930995326874068e+01 -1.190593833845823895e+02 0.000000000000000000e+00
