2.434291709800966499e-02 -5.694065960228134743e-03 0.000000000000000000e+00
2.434291709800966499e-02 -5.694065960228134743e-03 0.000000000000000000e+00
2.434291709800966499e-02 -5.694065960228134743e-03 0.000000000000000000e+00
2.434291709800966499e-02 -5.694065960228134743e-03 0.000000000000000000e+00
2.434291709800966499e-02 -5.694065960228134743e-03 0.000000000000000000e+00
2.434291709800966499e-02 -5.694065960228134743e-03 0.000000000000000000e+00
2.434291709800966499e-02 -5.694065960228134743e-03 0.000000000000000000e+00
2.434291709800966499e-02 -5.694065960228134743e-03 0.000000000000000000e+00
2.434291709800966499e-02 -5.694065960228134743e-03 0.000000000000000000e+00
2.434291709800966499e-02 -5.694065960228134743e-03 0.000000000000000000e+00
2.434291709800966499e-02 -5.694065960228134743e-03 0.000000000000000000e+00
2.434291709800966499e-02 -5.694065960228134743e-03 0.000000000000000000e+00
2.434291709800966499e-02 -5.694065960228134743e-03 0.000000000000000000e+00
2.434291709800966499e-02 -5.694065960228134743e-03 0.000000000000000000e+00
2.434291709800966499e-02 -5.694065960228134743e-03 0.000000000000000000e+00
2.434291709800966499e-02 -5.694065960228134743e-03 0.000000000000000000e+00
2.434291709800966499e-02 -5.694065960228134743e-03 0.000000000000000000e+00
2.434291709800966499e-02 -5.694065960228134743e-03 0.000000000000000000e+00
2.434291709800966499e-02 -5.694065960228134743e-03 0.000000000000000000e+00
2.434291709800966499e-02 -5.694065960228134743e-03 0.000000000000000000e+00
2.434291709800966499e-02 -5.694065960228134743e-03 0.000000000000000000e+00
2.434291709800966499e-02 -5.694065960228134743e-03 0.000000000000000000e+00
2.434291709800966499e-02 -5.694065960228134743e-03 0.000000000000000000e+00
2.434291709800966499e-02 -5.694065960228134743e-03 0.000000000000000000e+00
2.434291709800966499e-02 -5.694065960228134743e-03 0.000000000000000000e+00
2.434291709800966499e-02 -5.694065960228134743e-03 0.000000000000000000e+00
2.434291709800966499e-02 -5.694065960228134743e-03 0.000000000000000000e+00
2.434291709800966499e-02 -5.694065960228134743e-03 0.000000000000000000e+00
2.434291709800966499e-02 -5.694065960228134743e-03 0.000000000000000000e+00
2.434291709800966499e-02 -5.694065960228134743e-03 0.000000000000000000e+00
2.434291709800966499e-02 -5.694065960228134743e-03 0.000000000000000000e+00
2.434291709800966499e-02 -5.694065960228134743e-03 0.000000000000000000e+00
2.434291709800966499e-02 -5.694065960228134743e-03 0.000000000000000000e+00
2.434291709800966499e-02 -5.694065960228134743e-03 0.000000000000000000e+00
2.434291709800966499e-02 -5.694065960228134743e-03 0.000000000000000000e+00
2.434291709800966499e-02 -5.694065960228134743e-03 0.000000000000000000e+00
2.434291709800966499e-02 -5.694065960228134743e-03 0.000000000000000000e+00
2.434291709800966499e-02 -5.694065960228134743e-03 0.000000000000000000e+00
2.434291709800966499e-02 -5.694065960228134743e-03 0.000000000000000000e+00
2.434291709800966499e-02 -5.694065960228134743e-03 0.000000000000000000e+00
2.434291709800966499e-02 -5.694065960228134743e-03 0.000000000000000000e+00
2.434291709800966499e-02 -5.694065960228134743e-03 0.000000000000000000e+00
2.434291709800966499e-02 -5.694065960228134743e-03 0.000000000000000000e+00
2.434291709800966499e-02 -5.694065960228134743e-03 0.000000000000000000e+00
2.434291709800966499e-02 -5.694065960228134743e-03 0.000000000000000000e+00
2.434291709800966499e-02 -5.694065960228134743e-03 0.000000000000000000e+00
2.434291709800966499e-02 -5.694065960228134743e-03 0.000000000000000000e+00
2.434291709800966499e-02 -5.694065960228134743e-03 0.000000000000000000e+00
2.434291709800966499e-02 -5.694065960228134743e-03 0.000000000000000000e+00
2.434291709800966499e-02 -5.694065960228134743e-03 0.000000000000000000e+00
2.434291709800966499e-02 -5.694065960228134743e-03 0.000000000000000000e+00
2.434291709800966499e-02 -5.694065960228134743e-03 0.000000000000000000e+00
2.434291709800966499e-02 -5.694065960228134743e-03 0.000000000000000000e+00
2.434291709800966499e-02 -5.694065960228134743e-03 0.000000000000000000e+00
2.434291709800966499e-02 -5.694065960228134743e-03 0.000000000000000000e+00
2.434291709800966499e-02 -5.694065960228134743e-03 0.000000000000000000e+00
2.434291709800966499e-02 -5.694065960228134743e-03 0.000000000000000000e+00
2.434291709800966499e-02 -5.694065960228134743e-03 0.000000000000000000e+00
2.434291709800966499e-02 -5.694065960228134743e-03 0.000000000000000000e+00
2.434291709800966499e-02 -5.694065960228134743e-03 0.000000000000000000e+00
2.434291709800966499e-02 -5.694065960228134743e-03 0.000000000000000000e+00
2.434291709800966499e-02 -5.694065960228134743e-03 0.000000000000000000e+00
2.434291709800966499e-02 -5.694065960228134743e-03 0.000000000000000000e+00
2.434291709800966499e-02 -5.694065960228134743e-03 0.000000000000000000e+00
2.434291709800966499e-02 -5.694065960228134743e-03 0.000000000000000000e+00
2.434291709800966499e-02 -5.694065960228134743e-03 0.000000000000000000e+00
2.434291709800966499e-02 -5.694065960228134743e-03 0.000000000000000000e+00
2.434291709800966499e-02 -5.694065960228134743e-03 0.000000000000000000e+00
2.434291709800966499e-02 -5.694065960228134743e-03 0.000000000000000000e+00
2.434291709800966499e-02 -5.694065960228134743e-03 0.000000000000000000e+00
2.434291709800966499e-02 -5.694065960228134743e-03 0.000000000000000000e+00
2.434291709800966499e-02 -5.694065960228134743e-03 0.000000000000000000e+00
2.434291709800966499e-02 -5.694065960228134743e-03 0.000000000000000000e+00
2.434291709800966499e-02 -5.694065960228134743e-03 0.000000000000000000e+00
2.434291709800966499e-02 -5.694065960228134743e-03 0.000000000000000000e+00
2.434291709800966499e-02 -5.694065960228134743e-03 0.000000000000000000e+00
2.434291709800966499e-02 -5.694065960228134743e-03 0.000000000000000000e+00
2.434291709800966499e-02 -5.694065960228134743e-03 0.000000000000000000e+00
2.434291709800966499e-02 -5.694065960228134743e-03 0.000000000000000000e+00
2.434291709800966499e-02 -5.694065960228134743e-03 0.000000000000000000e+00
2.434291709800966499e-02 -5.694065960228134743e-03 0.000000000000000000e+00
2.434291709800966499e-02 -5.694065960228134743e-03 0.000000000000000000e+00
2.434291709800966499e-02 -5.694065960228134743e-03 0.000000000000000000e+00
2.434291709800966499e-02 -5.694065960228134743e-03 0.000000000000000000e+00
2.434291709800966499e-02 -5.694065960228134743e-03 0.000000000000000000e+00
2.434291709800966499e-02 -5.694065960228134743e-03 0.000000000000000000e+00
2.434291709800966499e-02 -5.694065960228134743e-03 0.000000000000000000e+00
2.434291709800966499e-02 -5.694065960228134743e-03 0.000000000000000000e+00
2.434291709800966499e-02 -5.694065960228134743e-03 0.000000000000000000e+00
2.434291709800966499e-02 -5.694065960228134743e-03 0.000000000000000000e+00
2.434291709800966499e-02 -5.694065960228134743e-03 0.000000000000000000e+00
2.434291709800966499e-02 -5.694065960228134743e-03 0.000000000000000000e+00
2.434291709800966499e-02 -5.694065960228134743e-03 0.000000000000000000e+00
2.434291709800966499e-02 -5.694065960228134743e-03 0.000000000000000000e+00
2.434291709800966499e-02 -5.694065960228134743e-03 0.000000000000000000e+00
2.434291709800966499e-02 -5.694065960228134743e-03 0.000000000000000000e+00
2.434291709800966499e-02 -5.694065960228134743e-03 0.000000000000000000e+00
2.434291709800966499e-02 -5.694065960228134743e-03 0.000000000000000000e+00
2.434291709800966499e-02 -5.694065960228134743e-03 0.000000000000000000e+00
2.434291709800966499e-02 -5.694065960228134743e-03 0.000000000000000000e+00
2.434291709800966499e-02 -5.694065960228134743e-03 0.000000000000000000e+00
2.434291709800966499e-02 -5.694065960228134743e-03 0.000000000000000000e+00
2.434291709800966499e-02 -5.694065960228134743e-03 0.000000000000000000e+00
2.434291709800966499e-02 -5.694065960228134743e-03 0.000000000000000000e+00
2.434291709800966499e-02 -5.694065960228134743e-03 0.000000000000000000e+00
2.434291709800966499e-02 -5.694065960228134743e-03 0.000000000000000000e+00
2.434291709800966499e-02 -5.694065960228134743e-03 0.000000000000000000e+00
2.434291709800966499e-02 -5.694065960228134743e-03 0.000000000000000000e+00
2.434291709800966499e-02 -5.694065960228134743e-03 0.000000000000000000e+00
2.434291709800966499e-02 -5.694065960228134743e-03 0.000000000000000000e+00
2.434291709800966499e-02 -5.694065960228134743e-03 0.000000000000000000e+00
2.434291709800966499e-02 -5.694065960228134743e-03 0.000000000000000000e+00
2.434291709800966499e-02 -5.694065960228134743e-03 0.000000000000000000e+00
2.434291709800966499e-02 -5.694065960228134743e-03 0.000000000000000000e+00
2.434291709800966499e-02 -5.694065960228134743e-03 0.000000000000000000e+00
2.434291709800966499e-02 -5.694065960228134743e-03 0.000000000000000000e+00
2.434291709800966499e-02 -5.694065960228134743e-03 0.000000000000000000e+00
2.434291709800966499e-02 -5.694065960228134743e-03 0.000000000000000000e+00
2.434291709800966499e-02 -5.694065960228134743e-03 0.000000000000000000e+00
2.434291709800966499e-02 -5.694065960228134743e-03 0.000000000000000000e+00
2.434291709800966499e-02 -5.694065960228134743e-03 0.000000000000000000e+00
2.434291709800966499e-02 -5.694065960228134743e-03 0.000000000000000000e+00
2.434291709800966499e-02 -5.694065960228134743e-03 0.000000000000000000e+00
2.434291709800966499e-02 -5.694065960228134743e-03 0.000000000000000000e+00
2.434291709800966499e-02 -5.694065960228134743e-03 2.997257998634732520e-68
2.434291709800966499e-02 -5.694065960228134743e-03 1.653130015755977714e-65
2.434291709800966499e-02 -5.694065960228134743e-03 4.492784944964245312e-63
2.434291709800966499e-02 -5.694065960228134743e-03 8.020427801858358980e-61
2.434291709800966499e-02 -5.694065960228134743e-03 1.057819288154831198e-58
2.434291709800966499e-02 -5.694065960228134743e-03 1.099233005292937711e-56
2.434291709800966499e-02 -5.694065960228134743e-03 9.372639428884474781e-55
2.434291709800966499e-02 -5.694065960228134743e-03 6.743110207600472783e-53
2.434291709800966499e-02 -5.694065960228134743e-03 4.177673449173841132e-51
2.434291709800966499e-02 -5.694065960228134743e-03 2.263683572772363285e-49
2.434291709800966499e-02 -5.694065960228134743e-03 1.085893850675105687e-47
2.434291709800966499e-02 -5.694065960228134743e-03 4.656924753598875698e-46
2.434291709800966499e-02 -5.694065960228134743e-03 1.799851855291479223e-44
2.434291709800966499e-02 -5.694065960228134743e-03 6.311085692501552958e-43
2.434291709800966499e-02 -5.694065960228134743e-03 2.019074351412717192e-41
2.434291709800966499e-02 -5.694065960228134743e-03 5.922056560820876650e-40
2.434291709800966499e-02 -5.694065960228134743e-03 1.599059568572762134e-38
2.434291709800966499e-02 -5.694065960228134743e-03 3.989231540641435639e-37
2.434291709800966499e-02 -5.694065960228134743e-03 9.223757975198041929e-36
2.434291709800966499e-02 -5.694065960228134743e-03 1.982048955772326286e-34
2.434291709800966499e-02 -5.694065960228134743e-03 3.967889082386223098e-33
2.434291709800966499e-02 -5.694065960228134743e-03 7.416025076663884750e-32
2.434291709800966499e-02 -5.694065960228134743e-03 1.296493652603667686e-30
2.434291709800966499e-02 -5.694065960228134743e-03 2.123657841500033312e-29
2.434291709800966499e-02 -5.694065960228134743e-03 3.264061526253401455e-28
2.434291709800966499e-02 -5.694065960228134743e-03 4.713709330515415754e-27
2.434291709800966499e-02 -5.694065960228134743e-03 6.403285257267988658e-26
2.434291709800967193e-02 -5.694065960228134743e-03 8.190749065137384364e-25
2.434291709800969622e-02 -5.694065960228140814e-03 9.874514894943988738e-24
2.434291709800986622e-02 -5.694065960228177244e-03 1.122845330282225400e-22
2.434291709801088277e-02 -5.694065960228396686e-03 1.205120543581280807e-21
2.434291709801684328e-02 -5.694065960229682116e-03 1.221514488789290876e-20
2.434291709805015691e-02 -5.694065960236863004e-03 1.169862749205096601e-19
2.434291709822841362e-02 -5.694065960275320956e-03 1.059037565570665885e-18
2.434291709914130145e-02 -5.694065960472481820e-03 9.064899558158019567e-18
2.434291710361499370e-02 -5.694065961439752355e-03 7.338190085792109153e-17
2.434291712458789766e-02 -5.694065965979736195e-03 5.618924861716182789e-16
2.434291721861653324e-02 -5.694065986359558157e-03 4.069910273057532426e-15
2.434291762163179329e-02 -5.694066073824106781e-03 2.788544989789155818e-14
2.434291927237921746e-02 -5.694066432565608564e-03 1.807131128017381843e-13
2.434292573134471185e-02 -5.694067838180803982e-03 1.107494853142804410e-12
2.434294986270443828e-02 -5.694073097001253400e-03 6.416759024796312082e-12
2.434303591034261277e-02 -5.694091874283368875e-03 3.513600141634756371e-11
2.434332861237152243e-02 -5.694155828256478383e-03 1.817389037259559659e-10
2.434427795732523395e-02 -5.694363483026425310e-03 8.874645256687572747e-10
2.434721228039117211e-02 -5.695005852522884264e-03 4.088446509960705451e-09
2.435585091899348728e-02 -5.696897778215860922e-03 1.775456996000925622e-08
2.438006120971887222e-02 -5.702199104099022614e-03 7.260819500789370189e-08
2.444461678829871337e-02 -5.716320863569709226e-03 2.793173534819071885e-07
2.460830146943998598e-02 -5.752053001400123100e-03 1.009461356154586937e-06
2.500274490110090259e-02 -5.837859771411574306e-03 3.422390928340564592e-06
2.590561569034024320e-02 -6.033247650279081713e-03 1.086701155673513850e-05
2.786757029385249565e-02 -6.454769899804852981e-03 3.225877409581264589e-05
3.191261199528339088e-02 -7.315689677691373724e-03 8.934859112749089544e-05
3.982040949651535072e-02 -8.979383799755435991e-03 2.304159954226425971e-04
5.446848602818722684e-02 -1.202044889498671276e-02 5.520288802811388696e-04
8.015734183175224348e-02 -1.727897256570750523e-02 1.225918267349108666e-03
1.227699286768586667e-01 -2.588567095959171463e-02 2.518112186754184034e-03
1.895574174361855935e-01 -3.923274207485762111e-02 4.775090750494051517e-03
2.883481666169329105e-01 -5.886892788137205318e-02 8.348310474687668792e-03
4.261025391996948741e-01 -8.630382499134103824e-02 1.345140923617452189e-02
6.069954502722788581e-01 -1.227119401879522564e-01 1.999991288376902487e-02
8.305155989635744085e-01 -1.685394615316025690e-01 2.754131049822519661e-02
1.090241846729796737e+00 -2.230607598758397592e-01 3.537746452087815741e-02
1.373826370209530578e+00 -2.840218267222024973e-01 4.286516550388067004e-02
1.664304701155612909e+00 -3.475996838993575810e-01 4.971147412218691192e-02
1.332780367773044761e+00 -4.032791480385515825e-01 5.440771989619346688e-02
1.067467820636213149e+00 -4.634190885038213525e-01 5.896238196451068780e-02
1.287806002692245766e+00 -4.201472131985267700e-01 6.337107868727921700e-02
1.517005829073011292e+00 -3.833029425169380833e-01 6.753484797242630122e-02
1.747356912814101104e+00 -3.505790111020480881e-01 7.119194363423367311e-02
1.967303325034053474e+00 -3.178166085923344597e-01 7.418348016050314853e-02
1.982160402667681565e+00 -3.275733375793907776e-01 6.352142479086603233e-02
1.958902697217705047e+00 -3.580645003190955356e-01 1.933079359200978037e-02
1.765024408305803538e+00 -3.754975554273279337e-01 1.271610252878745961e-01
1.667017834638514051e+00 -5.339727611764527593e-01 -2.499619707705729443e-01
2.199672048452876005e+00 -2.953217057535613144e-01 2.029952225481040581e-02
2.419106782948005741e+00 -1.197586458642422580e-01 4.632115080255495565e-01
1.334513380390342396e+00 -8.942316236583023326e-01 -8.343615978049510051e-01
9.661794287035703199e-01 -7.764168295138943465e-01 -5.896266968627371652e-01
1.497205136700999084e+00 -6.610569231167714443e-01 -6.329839203319923557e-01
