2.434291709800966499e-02 -5.694065960228134743e-03 0.000000000000000000e+00
2.434291709800966499e-02 -5.694065960228134743e-03 0.000000000000000000e+00
2.434291709800966499e-02 -5.694065960228134743e-03 0.000000000000000000e+00
2.434291709800966499e-02 -5.694065960228134743e-03 0.000000000000000000e+00
2.434291709800966499e-02 -5.694065960228134743e-03 0.000000000000000000e+00
2.434291709800966499e-02 -5.694065960228134743e-03 0.000000000000000000e+00
2.434291709800966499e-02 -5.694065960228134743e-03 0.000000000000000000e+00
2.434291709800966499e-02 -5.694065960228134743e-03 0.000000000000000000e+00
2.434291709800966499e-02 -5.694065960228134743e-03 0.000000000000000000e+00
2.434291709800966499e-02 -5.694065960228134743e-03 0.000000000000000000e+00
2.434291709800966499e-02 -5.694065960228134743e-03 0.000000000000000000e+00
2.434291709800966499e-02 -5.694065960228134743e-03 0.000000000000000000e+00
2.434291709800966499e-02 -5.694065960228134743e-03 0.000000000000000000e+00
2.434291709800966499e-02 -5.694065960228134743e-03 0.000000000000000000e+00
2.434291709800966499e-02 -5.694065960228134743e-03 0.000000000000000000e+00
2.434291709800966499e-02 -5.694065960228134743e-03 0.000000000000000000e+00
2.434291709800966499e-02 -5.694065960228134743e-03 0.000000000000000000e+00
2.434291709800966499e-02 -5.694065960228134743e-03 0.000000000000000000e+00
2.434291709800966499e-02 -5.694065960228134743e-03 0.000000000000000000e+00
2.434291709800966499e-02 -5.694065960228134743e-03 0.000000000000000000e+00
2.434291709800966499e-02 -5.694065960228134743e-03 0.000000000000000000e+00
2.434291709800966499e-02 -5.694065960228134743e-03 0.000000000000000000e+00
2.434291709800966499e-02 -5.694065960228134743e-03 0.000000000000000000e+00
2.434291709800966499e-02 -5.694065960228134743e-03 0.000000000000000000e+00
2.434291709800966499e-02 -5.694065960228134743e-03 0.000000000000000000e+00
2.434291709800966499e-02 -5.694065960228134743e-03 0.000000000000000000e+00
2.434291709800966499e-02 -5.694065960228134743e-03 0.000000000000000000e+00
2.434291709800966499e-02 -5.694065960228134743e-03 0.000000000000000000e+00
2.434291709800966499e-02 -5.694065960228134743e-03 0.000000000000000000e+00
2.434291709800966499e-02 -5.694065960228134743e-03 0.000000000000000000e+00
2.434291709800966499e-02 -5.694065960228134743e-03 0.000000000000000000e+00
2.434291709800966499e-02 -5.694065960228134743e-03 0.000000000000000000e+00
2.434291709800966499e-02 -5.694065960228134743e-03 0.000000000000000000e+00
2.434291709800966499e-02 -5.694065960228134743e-03 0.000000000000000000e+00
2.434291709800966499e-02 -5.694065960228134743e-03 0.000000000000000000e+00
2.434291709800966499e-02 -5.694065960228134743e-03 0.000000000000000000e+00
2.434291709800966499e-02 -5.694065960228134743e-03 0.000000000000000000e+00
2.434291709800966499e-02 -5.694065960228134743e-03 0.000000000000000000e+00
2.434291709800966499e-02 -5.694065960228134743e-03 0.000000000000000000e+00
2.434291709800966499e-02 -5.694065960228134743e-03 0.000000000000000000e+00
2.434291709800966499e-02 -5.694065960228134743e-03 0.000000000000000000e+00
2.434291709800966499e-02 -5.694065960228134743e-03 0.000000000000000000e+00
2.434291709800966499e-02 -5.694065960228134743e-03 0.000000000000000000e+00
2.434291709800966499e-02 -5.694065960228134743e-03 0.000000000000000000e+00
2.434291709800966499e-02 -5.694065960228134743e-03 0.000000000000000000e+00
2.434291709800966499e-02 -5.694065960228134743e-03 0.000000000000000000e+00
2.434291709800966499e-02 -5.694065960228134743e-03 0.000000000000000000e+00
2.434291709800966499e-02 -5.694065960228134743e-03 0.000000000000000000e+00
2.434291709800966499e-02 -5.694065960228134743e-03 0.000000000000000000e+00
2.434291709800966499e-02 -5.694065960228134743e-03 0.000000000000000000e+00
2.434291709800966499e-02 -5.694065960228134743e-03 0.000000000000000000e+00
2.434291709800966499e-02 -5.694065960228134743e-03 0.000000000000000000e+00
2.434291709800966499e-02 -5.694065960228134743e-03 0.000000000000000000e+00
2.434291709800966499e-02 -5.694065960228134743e-03 0.000000000000000000e+00
2.434291709800966499e-02 -5.694065960228134743e-03 0.000000000000000000e+00
2.434291709800966499e-02 -5.694065960228134743e-03 0.000000000000000000e+00
2.434291709800966499e-02 -5.694065960228134743e-03 0.000000000000000000e+00
2.434291709800966499e-02 -5.694065960228134743e-03 0.000000000000000000e+00
2.434291709800966499e-02 -5.694065960228134743e-03 0.000000000000000000e+00
2.434291709800966499e-02 -5.694065960228134743e-03 0.000000000000000000e+00
2.434291709800966499e-02 -5.694065960228134743e-03 0.000000000000000000e+00
2.434291709800966499e-02 -5.694065960228134743e-03 0.000000000000000000e+00
2.434291709800966499e-02 -5.694065960228134743e-03 0.000000000000000000e+00
2.434291709800966499e-02 -5.694065960228134743e-03 0.000000000000000000e+00
2.434291709800966499e-02 -5.694065960228134743e-03 0.000000000000000000e+00
2.434291709800966499e-02 -5.694065960228134743e-03 0.000000000000000000e+00
2.434291709800966499e-02 -5.694065960228134743e-03 0.000000000000000000e+00
2.434291709800966499e-02 -5.694065960228134743e-03 0.000000000000000000e+00
2.434291709800966499e-02 -5.694065960228134743e-03 0.000000000000000000e+00
2.434291709800966499e-02 -5.694065960228134743e-03 0.000000000000000000e+00
2.434291709800966499e-02 -5.694065960228134743e-03 0.000000000000000000e+00
2.434291709800966499e-02 -5.694065960228134743e-03 0.000000000000000000e+00
2.434291709800966499e-02 -5.694065960228134743e-03 0.000000000000000000e+00
2.434291709800966499e-02 -5.694065960228134743e-03 0.000000000000000000e+00
2.434291709800966499e-02 -5.694065960228134743e-03 0.000000000000000000e+00
2.434291709800966499e-02 -5.694065960228134743e-03 0.000000000000000000e+00
2.434291709800966499e-02 -5.694065960228134743e-03 0.000000000000000000e+00
2.434291709800966499e-02 -5.694065960228134743e-03 0.000000000000000000e+00
2.434291709800966499e-02 -5.694065960228134743e-03 0.000000000000000000e+00
2.434291709800966499e-02 -5.694065960228134743e-03 0.000000000000000000e+00
2.434291709800966499e-02 -5.694065960228134743e-03 0.000000000000000000e+00
2.434291709800966499e-02 -5.694065960228134743e-03 0.000000000000000000e+00
2.434291709800966499e-02 -5.694065960228134743e-03 0.000000000000000000e+00
2.434291709800966499e-02 -5.694065960228134743e-03 0.000000000000000000e+00
2.434291709800966499e-02 -5.694065960228134743e-03 0.000000000000000000e+00
2.434291709800966499e-02 -5.694065960228134743e-03 0.000000000000000000e+00
2.434291709800966499e-02 -5.694065960228134743e-03 0.000000000000000000e+00
2.434291709800966499e-02 -5.694065960228134743e-03 0.000000000000000000e+00
2.434291709800966499e-02 -5.694065960228134743e-03 0.000000000000000000e+00
2.434291709800966499e-02 -5.694065960228134743e-03 0.000000000000000000e+00
2.434291709800966499e-02 -5.694065960228134743e-03 0.000000000000000000e+00
2.434291709800966499e-02 -5.694065960228134743e-03 0.000000000000000000e+00
2.434291709800966499e-02 -5.694065960228134743e-03 0.000000000000000000e+00
2.434291709800966499e-02 -5.694065960228134743e-03 0.000000000000000000e+00
2.434291709800966499e-02 -5.694065960228134743e-03 0.000000000000000000e+00
2.434291709800966499e-02 -5.694065960228134743e-03 0.000000000000000000e+00
2.434291709800966499e-02 -5.694065960228134743e-03 0.000000000000000000e+00
2.434291709800966499e-02 -5.694065960228134743e-03 0.000000000000000000e+00
2.434291709800966499e-02 -5.694065960228134743e-03 0.000000000000000000e+00
2.434291709800966499e-02 -5.694065960228134743e-03 0.000000000000000000e+00
2.434291709800966499e-02 -5.694065960228134743e-03 0.000000000000000000e+00
2.434291709800966499e-02 -5.694065960228134743e-03 0.000000000000000000e+00
2.434291709800966499e-02 -5.694065960228134743e-03 0.000000000000000000e+00
2.434291709800966499e-02 -5.694065960228134743e-03 0.000000000000000000e+00
2.434291709800966499e-02 -5.694065960228134743e-03 0.000000000000000000e+00
2.434291709800966499e-02 -5.694065960228134743e-03 0.000000000000000000e+00
2.434291709800966499e-02 -5.694065960228134743e-03 0.000000000000000000e+00
2.434291709800966499e-02 -5.694065960228134743e-03 0.000000000000000000e+00
2.434291709800966499e-02 -5.694065960228134743e-03 0.000000000000000000e+00
2.434291709800966499e-02 -5.694065960228134743e-03 0.000000000000000000e+00
2.434291709800966499e-02 -5.694065960228134743e-03 0.000000000000000000e+00
2.434291709800966499e-02 -5.694065960228134743e-03 0.000000000000000000e+00
2.434291709800966499e-02 -5.694065960228134743e-03 0.000000000000000000e+00
2.434291709800966499e-02 -5.694065960228134743e-03 0.000000000000000000e+00
2.434291709800966499e-02 -5.694065960228134743e-03 0.000000000000000000e+00
2.434291709800966499e-02 -5.694065960228134743e-03 0.000000000000000000e+00
2.434291709800966499e-02 -5.694065960228134743e-03 0.000000000000000000e+00
2.434291709800966499e-02 -5.694065960228134743e-03 0.000000000000000000e+00
2.434291709800966499e-02 -5.694065960228134743e-03 0.000000000000000000e+00
2.434291709800966499e-02 -5.694065960228134743e-03 0.000000000000000000e+00
2.434291709800966499e-02 -5.694065960228134743e-03 0.000000000000000000e+00
2.434291709800966499e-02 -5.694065960228134743e-03 0.000000000000000000e+00
2.434291709800966499e-02 -5.694065960228134743e-03 0.000000000000000000e+00
2.434291709800966499e-02 -5.694065960228134743e-03 0.000000000000000000e+00
2.434291709800966499e-02 -5.694065960228134743e-03 0.000000000000000000e+00
2.434291709800966499e-02 -5.694065960228134743e-03 0.000000000000000000e+00
2.434291709800966499e-02 -5.694065960228134743e-03 0.000000000000000000e+00
2.434291709800966499e-02 -5.694065960228134743e-03 0.000000000000000000e+00
2.434291709800966499e-02 -5.694065960228134743e-03 0.000000000000000000e+00
2.434291709800966499e-02 -5.694065960228134743e-03 0.000000000000000000e+00
2.434291709800966499e-02 -5.694065960228134743e-03 0.000000000000000000e+00
2.434291709800966499e-02 -5.694065960228134743e-03 0.000000000000000000e+00
2.434291709800966499e-02 -5.694065960228134743e-03 0.000000000000000000e+00
2.434291709800966499e-02 -5.694065960228134743e-03 0.000000000000000000e+00
2.434291709800966499e-02 -5.694065960228134743e-03 0.000000000000000000e+00
2.434291709800966499e-02 -5.694065960228134743e-03 0.000000000000000000e+00
2.434291709800966499e-02 -5.694065960228134743e-03 0.000000000000000000e+00
2.434291709800966499e-02 -5.694065960228134743e-03 0.000000000000000000e+00
2.434291709800966499e-02 -5.694065960228134743e-03 0.000000000000000000e+00
2.434291709800966499e-02 -5.694065960228134743e-03 0.000000000000000000e+00
2.434291709800966499e-02 -5.694065960228134743e-03 0.000000000000000000e+00
2.434291709800966499e-02 -5.694065960228134743e-03 0.000000000000000000e+00
2.434291709800966499e-02 -5.694065960228134743e-03 0.000000000000000000e+00
2.434291709800966499e-02 -5.694065960228134743e-03 0.000000000000000000e+00
2.434291709800966499e-02 -5.694065960228134743e-03 0.000000000000000000e+00
2.434291709800966499e-02 -5.694065960228134743e-03 0.000000000000000000e+00
2.434291709800966499e-02 -5.694065960228134743e-03 0.000000000000000000e+00
2.434291709800966499e-02 -5.694065960228134743e-03 0.000000000000000000e+00
2.434291709800966499e-02 -5.694065960228134743e-03 0.000000000000000000e+00
2.434291709800966499e-02 -5.694065960228134743e-03 0.000000000000000000e+00
2.434291709800966499e-02 -5.694065960228134743e-03 0.000000000000000000e+00
2.434291709800966499e-02 -5.694065960228134743e-03 0.000000000000000000e+00
2.434291709800966499e-02 -5.694065960228134743e-03 0.000000000000000000e+00
2.434291709800966499e-02 -5.694065960228134743e-03 0.000000000000000000e+00
2.434291709800966499e-02 -5.694065960228134743e-03 0.000000000000000000e+00
2.434291709800966499e-02 -5.694065960228134743e-03 0.000000000000000000e+00
2.434291709800966499e-02 -5.694065960228134743e-03 0.000000000000000000e+00
2.434291709800966499e-02 -5.694065960228134743e-03 0.000000000000000000e+00
2.434291709800966499e-02 -5.694065960228134743e-03 0.000000000000000000e+00
2.434291709800966499e-02 -5.694065960228134743e-03 0.000000000000000000e+00
2.434291709800966499e-02 -5.694065960228134743e-03 0.000000000000000000e+00
2.434291709800966499e-02 -5.694065960228134743e-03 0.000000000000000000e+00
2.434291709800966499e-02 -5.694065960228134743e-03 0.000000000000000000e+00
2.434291709800966499e-02 -5.694065960228134743e-03 0.000000000000000000e+00
2.434291709800966499e-02 -5.694065960228134743e-03 0.000000000000000000e+00
2.434291709800966499e-02 -5.694065960228134743e-03 0.000000000000000000e+00
2.434291709800966499e-02 -5.694065960228134743e-03 0.000000000000000000e+00
2.434291709800966499e-02 -5.694065960228134743e-03 0.000000000000000000e+00
2.434291709800966499e-02 -5.694065960228134743e-03 0.000000000000000000e+00
2.434291709800966499e-02 -5.694065960228134743e-03 0.000000000000000000e+00
2.434291709800966499e-02 -5.694065960228134743e-03 0.000000000000000000e+00
2.434291709800966499e-02 -5.694065960228134743e-03 0.000000000000000000e+00
2.434291709800966499e-02 -5.694065960228134743e-03 0.000000000000000000e+00
2.434291709800966499e-02 -5.694065960228134743e-03 0.000000000000000000e+00
2.434291709800966499e-02 -5.694065960228134743e-03 0.000000000000000000e+00
2.434291709800966499e-02 -5.694065960228134743e-03 0.000000000000000000e+00
2.434291709800966499e-02 -5.694065960228134743e-03 0.000000000000000000e+00
2.434291709800966499e-02 -5.694065960228134743e-03 0.000000000000000000e+00
2.434291709800966499e-02 -5.694065960228134743e-03 0.000000000000000000e+00
2.434291709800966499e-02 -5.694065960228134743e-03 0.000000000000000000e+00
2.434291709800966499e-02 -5.694065960228134743e-03 0.000000000000000000e+00
2.434291709800966499e-02 -5.694065960228134743e-03 0.000000000000000000e+00
2.434291709800966499e-02 -5.694065960228134743e-03 0.000000000000000000e+00
2.434291709800966499e-02 -5.694065960228134743e-03 0.000000000000000000e+00
2.434291709800966499e-02 -5.694065960228134743e-03 0.000000000000000000e+00
2.434291709800966499e-02 -5.694065960228134743e-03 0.000000000000000000e+00
2.434291709800966499e-02 -5.694065960228134743e-03 0.000000000000000000e+00
2.434291709800966499e-02 -5.694065960228134743e-03 0.000000000000000000e+00
2.434291709800966499e-02 -5.694065960228134743e-03 0.000000000000000000e+00
2.434291709800966499e-02 -5.694065960228134743e-03 0.000000000000000000e+00
2.434291709800966499e-02 -5.694065960228134743e-03 0.000000000000000000e+00
4.993835656199772099e-01 -1.168111015884188558e-01 0.000000000000000000e+00
9.744242141419448000e-01 -2.279281372166095943e-01 0.000000000000000000e+00
1.449464862663912390e+00 -3.390451728448002910e-01 0.000000000000000000e+00
1.924505511185879980e+00 -4.501622084729910434e-01 0.000000000000000000e+00
2.388977727236382798e+00 -5.588071758873990325e-01 0.000000000000000000e+00
2.853449943286885393e+00 -6.674521433018070216e-01 0.000000000000000000e+00
3.316705599659424575e+00 -7.811727011011364574e-01 0.000000000000000000e+00
3.779961256031963757e+00 -8.948932589004658933e-01 0.000000000000000000e+00
4.210467167191363380e+00 -1.000574369707206035e+00 0.000000000000000000e+00
4.556566415657860247e+00 -1.085535231054763017e+00 0.000000000000000000e+00
4.956082433265180498e+00 -1.183608905379280873e+00 0.000000000000000000e+00
5.355598450872500749e+00 -1.281682579703798730e+00 0.000000000000000000e+00
5.755114468479820999e+00 -1.379756254028316587e+00 0.000000000000000000e+00
6.154630486087141250e+00 -1.477829928352834443e+00 0.000000000000000000e+00
6.554146503694461501e+00 -1.575903602677352300e+00 0.000000000000000000e+00
6.953662521301781752e+00 -1.673977277001870156e+00 0.000000000000000000e+00
7.353178538909102002e+00 -1.772050951326388013e+00 0.000000000000000000e+00
7.751597552651985801e+00 -1.874490120634187296e+00 0.000000000000000000e+00
8.150016566394869599e+00 -1.976929289941986578e+00 0.000000000000000000e+00
8.548435580137754286e+00 -2.079368459249785861e+00 0.000000000000000000e+00
8.946854593880638973e+00 -2.181807628557585144e+00 0.000000000000000000e+00
9.344128903694054245e+00 -2.288600028486601268e+00 0.000000000000000000e+00
9.740210946560774019e+00 -2.399732873491351448e+00 0.000000000000000000e+00
1.013505330220578493e+01 -2.515192858373661799e+00 0.000000000000000000e+00
1.052860869877359740e+01 -2.634966159875611336e+00 0.000000000000000000e+00
1.092216409534140986e+01 -2.754739461377560872e+00 0.000000000000000000e+00
1.131571949190922233e+01 -2.874512762879510408e+00 0.000000000000000000e+00
1.170794081162341627e+01 -2.998585041338398316e+00 0.000000000000000000e+00
1.209878109642774646e+01 -3.126941442403535554e+00 0.000000000000000000e+00
1.252189987311917641e+01 -3.265898467845232744e+00 0.000000000000000000e+00
1.294347290158283315e+01 -3.409476794135926969e+00 0.000000000000000000e+00
1.340025417522515738e+01 -3.570645128219016584e+00 0.000000000000000000e+00
1.380018932591463887e+01 -3.716696263320829807e+00 0.000000000000000000e+00
1.419367481442332490e+01 -3.860392065362008740e+00 0.000000000000000000e+00
1.453743093207043913e+01 -3.990207572383239754e+00 0.000000000000000000e+00
1.489712282225708861e+01 -4.135111397759676954e+00 0.000000000000000000e+00
1.518047007424203265e+01 -4.252878984689046682e+00 0.000000000000000000e+00
1.548764560636571552e+01 -4.384510178651757961e+00 0.000000000000000000e+00
1.572221833601837204e+01 -4.488081956820347607e+00 0.000000000000000000e+00
1.601031012485778859e+01 -4.622892542970356899e+00 0.000000000000000000e+00
1.615737001309001997e+01 -4.693679846340915951e+00 0.000000000000000000e+00
1.629459630089318978e+01 -4.761593021047117347e+00 0.000000000000000000e+00
1.633051025439010928e+01 -4.779366806502315157e+00 0.000000000000000000e+00
1.635689857158994798e+01 -4.792426362545729290e+00 0.000000000000000000e+00
1.640552849848261729e+01 -4.817159333661511056e+00 0.000000000000000000e+00
1.643913142930836813e+01 -4.834715034190590899e+00 0.000000000000000000e+00
1.645843498436119745e+01 -4.844800089967759682e+00 0.000000000000000000e+00
1.648897583928870247e+01 -4.860333037085702301e+00 0.000000000000000000e+00
1.651421052251237498e+01 -4.872821660642166819e+00 0.000000000000000000e+00
1.654729589842667181e+01 -4.890106966928554399e+00 0.000000000000000000e+00
1.657024303771874330e+01 -4.901777783019913848e+00 0.000000000000000000e+00
1.658016535552852133e+01 -4.906824231070975983e+00 0.000000000000000000e+00
1.659129569155568262e+01 -4.912485071978187179e+00 0.000000000000000000e+00
1.661244118265242875e+01 -4.923532438981968795e+00 0.000000000000000000e+00
1.663424138342848480e+01 -4.934921856121884609e+00 0.000000000000000000e+00
1.669158420938771314e+01 -4.963300772580676146e+00 0.000000000000000000e+00
1.680548294891893946e+01 -5.016598910302021430e+00 0.000000000000000000e+00
1.692734141595471087e+01 -5.075255505094958153e+00 0.000000000000000000e+00
1.700291277680607394e+01 -5.112655708178825975e+00 2.727535084315557135e-01
1.713989794249467380e+01 -5.180449551752817960e+00 2.727535084315557135e-01
1.719464827915811256e+01 -5.208295336885599092e+00 2.727535084315557135e-01
1.729641578680010028e+01 -5.261463314911621225e+00 2.727535084315557135e-01
1.738381009067645522e+01 -5.308346391819814158e+00 6.241414153027631251e-01
1.747113120267027497e+01 -5.352757532834024445e+00 9.755293221739705922e-01
1.756681758186371312e+01 -5.404088931744636781e+00 9.755293221739705922e-01
1.770952304639996910e+01 -5.480643935587201199e+00 1.304880179862674572e+00
1.782128458192047304e+01 -5.539033248663558950e+00 1.634993385381665831e+00
1.790681720505447672e+01 -5.587357086013224894e+00 1.634993385381665831e+00
1.802773510359073939e+01 -5.653938004101172865e+00 1.868228854414754059e+00
1.814665331136800575e+01 -5.729989370781804148e+00 1.868228854414754059e+00
1.826350591643887000e+01 -5.799424428428673117e+00 2.226655930750283119e+00
1.835847762372666736e+01 -5.864649752003032290e+00 2.414515905568592302e+00
1.844321513612827701e+01 -5.920157312295201812e+00 2.414515905568592302e+00
1.854161100949172081e+01 -5.987734308242677272e+00 2.431175139757573600e+00
1.856595541188192655e+01 -6.004848724051695896e+00 2.431175139757573600e+00
1.857505237210467541e+01 -6.011243999538633531e+00 2.431175139757573600e+00
1.858368611827242489e+01 -6.017313629818972665e+00 2.431175139757573600e+00
1.859302395312644762e+01 -6.023878243149221490e+00 2.431175139757573600e+00
1.867959456984371513e+01 -6.089086552435280630e+00 2.431175139757573600e+00
1.882398044845332663e+01 -6.231031328025976812e+00 2.431175139757573600e+00
1.895667551538234719e+01 -6.386545202802404120e+00 2.431175139757573600e+00
1.914739611437726552e+01 -6.558293985072687349e+00 2.431175139757573600e+00
1.925242839037852605e+01 -6.671003131873948000e+00 2.431175139757573600e+00
1.943111066414211408e+01 -6.818277287469257431e+00 2.431175139757573600e+00
1.955799095361933482e+01 -6.945772303983576812e+00 2.431175139757573600e+00
1.973327742770450044e+01 -7.160547534454529739e+00 2.861392070686102240e+00
1.987432593548655291e+01 -7.363257365096227858e+00 3.291609001614630881e+00
2.001685839390759014e+01 -7.537899714237760840e+00 3.721825932543159521e+00
2.010864047070902672e+01 -7.636390196990068269e+00 3.721825932543159521e+00
2.020159799576835269e+01 -7.740624782189582831e+00 3.721825932543159521e+00
2.028858605312470686e+01 -7.836043108372011901e+00 4.109317746408041927e+00
2.034650502413381545e+01 -7.898195411021962542e+00 4.109317746408041927e+00
2.038128682038223261e+01 -7.935519429205928787e+00 4.218756859829859707e+00
2.041796831081628838e+01 -7.974881991340366127e+00 4.218756859829859707e+00
2.042608310419901230e+01 -7.983589899742010942e+00 4.218756859829859707e+00
2.043478479778989865e+01 -7.992927605233062671e+00 4.218756859829859707e+00
2.044317418535603892e+01 -8.001930178068420219e+00 4.218756859829859707e+00
2.045179087657753669e+01 -8.011176668316936755e+00 4.218756859829859707e+00
2.046075014449760587e+01 -8.020790774396317602e+00 4.218756859829859707e+00
2.046948201786949895e+01 -8.030160865526314140e+00 4.218756859829859707e+00
2.047759496063357432e+01 -8.038866788046506784e+00 4.218756859829859707e+00
2.048655457610459152e+01 -8.048481267079537815e+00 4.218756859829859707e+00
2.049493675671016035e+01 -8.057476106193339760e+00 4.218756859829859707e+00
2.050278726953968089e+01 -8.065900417620779805e+00 4.218756859829859707e+00
2.054326636723837041e+01 -8.109338156367387640e+00 4.218756859829859707e+00
2.057692191343044996e+01 -8.145453606216291220e+00 4.218756859829859707e+00
2.061648601765993405e+01 -8.185209396046973396e+00 4.218756859829859707e+00
2.070577546314633111e+01 -8.285330911836355838e+00 4.218756859829859707e+00
2.076534136063290603e+01 -8.349250515788217086e+00 4.218756859829859707e+00
2.082224091083826778e+01 -8.411664368978287953e+00 4.218756859829859707e+00
2.086729769830593284e+01 -8.461087742415745794e+00 4.218756859829859707e+00
2.091322223141920134e+01 -8.511462957284908981e+00 4.218756859829859707e+00
2.095816409989479112e+01 -8.559689653348103278e+00 4.218756859829859707e+00
2.100217973281360884e+01 -8.606922414753157113e+00 4.218756859829859707e+00
2.106342623574195372e+01 -8.671220291112494039e+00 4.218756859829859707e+00
2.110725996428738682e+01 -8.718257852646573269e+00 4.218756859829859707e+00
2.112850064675296480e+01 -8.741557032205614419e+00 4.218756859829859707e+00
2.122648095236156962e+01 -8.837880804487562969e+00 4.218756859829859707e+00
2.143944664181450932e+01 -9.025482924746224711e+00 4.218756859829859707e+00
2.157423210288471083e+01 -9.139075635706010559e+00 4.218756859829859707e+00
2.161975422681564396e+01 -9.177440170166214273e+00 4.218756859829859707e+00
2.165594425305300064e+01 -9.210030215338846915e+00 4.218756859829859707e+00
2.171454293534814184e+01 -9.266390689588551055e+00 4.218756859829859707e+00
2.175174470703948515e+01 -9.301396037501708847e+00 4.218756859829859707e+00
2.179857501712295687e+01 -9.343567930692911361e+00 4.218756859829859707e+00
2.185637742138413486e+01 -9.394486243512693235e+00 4.218756859829859707e+00
2.192331346923961632e+01 -9.448437500696865499e+00 4.218756859829859707e+00
2.199749744780856275e+01 -9.506903286255120378e+00 4.218756859829859707e+00
2.207736106413713628e+01 -9.567059625573630655e+00 4.218756859829859707e+00
2.216138051952084354e+01 -9.626126341298904876e+00 4.218756859829859707e+00
2.225465882367357295e+01 -9.690188657799042815e+00 4.218756859829859707e+00
2.235330034678439759e+01 -9.756357733931045217e+00 4.218756859829859707e+00
2.245001343582136144e+01 -9.818208334731748366e+00 4.218756859829859707e+00
2.255240519875607319e+01 -9.880576529059005964e+00 4.218756859829859707e+00
2.265301057625491055e+01 -9.940357311712338273e+00 4.218756859829859707e+00
2.276550845348215901e+01 -1.000230192073553503e+01 4.218756859829859707e+00
2.287848101012617619e+01 -1.006290656917063231e+01 4.218756859829859707e+00
2.301684051141311826e+01 -1.013327561489172979e+01 4.218756859829859707e+00
2.314050513489068805e+01 -1.018950255167743713e+01 4.218756859829859707e+00
2.327209478122621533e+01 -1.024251415314572711e+01 4.218756859829859707e+00
2.340752673134802819e+01 -1.029197214654851322e+01 4.218756859829859707e+00
2.361284314671695839e+01 -1.035692036373975888e+01 4.218756859829859707e+00
2.379430669975569046e+01 -1.040783547407373177e+01 4.218756859829859707e+00
2.396086618364002518e+01 -1.044679550025795933e+01 4.218756859829859707e+00
2.422581119325343479e+01 -1.049365917341158827e+01 4.218756859829859707e+00
2.443570789006831134e+01 -1.052371879992122139e+01 4.218756859829859707e+00
2.461583251941084782e+01 -1.054350683961366286e+01 4.218756859829859707e+00
2.483865804276269884e+01 -1.056060719070379328e+01 4.218756859829859707e+00
2.500039838901377820e+01 -1.056946474039380668e+01 4.218756859829859707e+00
2.516169238034126820e+01 -1.057476121743499675e+01 4.218756859829859707e+00
2.536776204688906589e+01 -1.057701609530714215e+01 4.218756859829859707e+00
2.554163346753550101e+01 -1.057511354057610298e+01 4.218756859829859707e+00
2.573858083563543531e+01 -1.057080290671030021e+01 4.218756859829859707e+00
2.587543338988849939e+01 -1.056630902317710685e+01 4.218756859829859707e+00
2.599053487547949004e+01 -1.056126810116119330e+01 4.218756859829859707e+00
2.613036355392770460e+01 -1.055207496475164142e+01 4.218756859829859707e+00
2.623093354624871409e+01 -1.054435689838316037e+01 4.218756859829859707e+00
2.633754099008867655e+01 -1.053500111041645404e+01 4.218756859829859707e+00
2.652445226364189423e+01 -1.051859791959821955e+01 4.218756859829859707e+00
2.664301749881511583e+01 -1.050688409894932107e+01 4.218756859829859707e+00
2.673911062880604916e+01 -1.049739044181904468e+01 4.218756859829859707e+00
2.682425091659548144e+01 -1.048803714349247684e+01 4.218756859829859707e+00
2.697321925495842621e+01 -1.047167185572920722e+01 4.218756859829859707e+00
2.708086796430353616e+01 -1.045865226252978886e+01 4.218756859829859707e+00
2.719747223778318101e+01 -1.044454953695830390e+01 4.218756859829859707e+00
2.732875110460726731e+01 -1.042867198996188982e+01 4.218756859829859707e+00
2.744781167396062571e+01 -1.041427218722851578e+01 4.218756859829859707e+00
2.755698410346974825e+01 -1.039985462852335019e+01 4.218756859829859707e+00
2.769174781400988650e+01 -1.038205742718987601e+01 4.218756859829859707e+00
2.782736370419079464e+01 -1.036263566844154838e+01 4.218756859829859707e+00
2.799281385949111112e+01 -1.033894129902193448e+01 4.218756859829859707e+00
2.809144779769071221e+01 -1.032481578209648632e+01 4.218756859829859707e+00
2.822035035716292839e+01 -1.030635544969169359e+01 4.218756859829859707e+00
2.837047981005785147e+01 -1.028317609511839059e+01 4.218756859829859707e+00
2.849636713461945092e+01 -1.026373962295366482e+01 4.218756859829859707e+00
2.862754292499260345e+01 -1.024201456467337223e+01 4.218756859829859707e+00
2.875149832694497576e+01 -1.022148533192461706e+01 4.218756859829859707e+00
2.889100378822094228e+01 -1.019680950070242353e+01 4.218756859829859707e+00
2.904393415823367874e+01 -1.016975906149619746e+01 4.218756859829859707e+00
2.917521903135428119e+01 -1.014505291617578031e+01 4.218756859829859707e+00
2.934023824836497596e+01 -1.011399839588552219e+01 4.218756859829859707e+00
2.950406323871060721e+01 -1.008130867550629617e+01 4.218756859829859707e+00
2.961994975500035920e+01 -1.005686318104459254e+01 4.218756859829859707e+00
2.973575790249505246e+01 -1.003110756015971461e+01 4.218756859829859707e+00
2.993247284444895229e+01 -9.982817738721527334e+00 4.218756859829859707e+00
3.006513455084777675e+01 -9.947156580536738346e+00 4.218756859829859707e+00
3.022544313804227301e+01 -9.902177138286155866e+00 4.218756859829859707e+00
3.041036657444097813e+01 -9.848101741192294867e+00 4.218756859829859707e+00
3.051072873727167689e+01 -9.817557864287184799e+00 4.218756859829859707e+00
3.061385526260123768e+01 -9.783689938793571628e+00 4.218756859829859707e+00
3.075133641000138240e+01 -9.735181804216095358e+00 4.218756859829859707e+00
3.088647866411457343e+01 -9.684146900873065178e+00 4.218756859829859707e+00
3.099562484393287676e+01 -9.641558818012597953e+00 4.218756859829859707e+00
3.113576401475257782e+01 -9.585102994317715286e+00 4.218756859829859707e+00
3.122708774134732934e+01 -9.547146123957691799e+00 4.218756859829859707e+00
3.132675808788166805e+01 -9.505720148877520259e+00 4.218756859829859707e+00
3.140979015144929676e+01 -9.470139158461284623e+00 4.218756859829859707e+00
3.153655152663476002e+01 -9.414169732473467889e+00 4.218756859829859707e+00
3.164359806791510366e+01 -9.366905071131036209e+00 4.218756859829859707e+00
3.176096813360828364e+01 -9.315082225288694673e+00 4.218756859829859707e+00
3.186461312183885397e+01 -9.267957671495404171e+00 4.218756859829859707e+00
3.195040874731269653e+01 -9.228948736891863902e+00 4.218756859829859707e+00
3.204093771190625262e+01 -9.186586325836776368e+00 4.218756859829859707e+00
3.216840511505375133e+01 -9.126938824592258470e+00 4.218756859829859707e+00
3.224399361238804573e+01 -9.091567703211515195e+00 4.218756859829859707e+00
3.233260395479800309e+01 -9.050103098311241823e+00 4.218756859829859707e+00
3.243864889065105217e+01 -9.000480094413140009e+00 4.218756859829859707e+00
3.252090250513280267e+01 -8.961990076957546236e+00 4.218756859829859707e+00
3.261678822450235060e+01 -8.917121009068806003e+00 4.218756859829859707e+00
3.271652357518576082e+01 -8.870450532483298289e+00 4.218756859829859707e+00
3.280130526693574922e+01 -8.830777518526012670e+00 4.218756859829859707e+00
3.292182699192976969e+01 -8.775979572096552772e+00 4.218756859829859707e+00
3.305470495819635346e+01 -8.715563579233082336e+00 4.218756859829859707e+00
3.311357749798335703e+01 -8.689569365668402767e+00 4.218756859829859707e+00
3.321563519820578847e+01 -8.644507446051891364e+00 4.218756859829859707e+00
3.333425697458405779e+01 -8.593675513095842433e+00 4.218756859829859707e+00
3.343855614467619830e+01 -8.550325660593514954e+00 4.218756859829859707e+00
3.359515491902992324e+01 -8.487238996500694910e+00 4.218756859829859707e+00
3.371219195465059926e+01 -8.441571956398563614e+00 4.218756859829859707e+00
3.381565431385566711e+01 -8.403788843370962880e+00 4.218756859829859707e+00
3.388411206389934449e+01 -8.379634566113407956e+00 4.218756859829859707e+00
3.405871540166916844e+01 -8.322292841318290613e+00 4.218756859829859707e+00
3.419153813604467729e+01 -8.280276718132743241e+00 4.218756859829859707e+00
3.430416493691947011e+01 -8.248675848993592297e+00 4.218756859829859707e+00
3.446091031524210990e+01 -8.208374393002914715e+00 4.218756859829859707e+00
3.464751268201288781e+01 -8.164726124373089533e+00 4.218756859829859707e+00
3.482185366054158493e+01 -8.127950047556565139e+00 4.218756859829859707e+00
3.498852513838415490e+01 -8.096584592767539945e+00 4.218756859829859707e+00
3.511845395659954505e+01 -8.075066055391173947e+00 4.218756859829859707e+00
3.523395737685297036e+01 -8.059812411686085198e+00 4.218756859829859707e+00
3.539198117831506352e+01 -8.044200225990339348e+00 4.218756859829859707e+00
3.558333481159041867e+01 -8.033720933999275005e+00 4.218756859829859707e+00
3.575039072813741825e+01 -8.028235250253068500e+00 4.218756859829859707e+00
3.595143217538802816e+01 -8.028235250253068500e+00 4.218756859829859707e+00
3.614392475032905594e+01 -8.034556207998509336e+00 4.218756859829859707e+00
3.647503746317573814e+01 -8.063614407153204766e+00 4.218756859829859707e+00
3.669488849412221043e+01 -8.090204331034403396e+00 4.218756859829859707e+00
3.694093410659606036e+01 -8.128192736259116202e+00 4.218756859829859707e+00
3.715154681680749604e+01 -8.165446071310606513e+00 4.218756859829859707e+00
3.738575198753807882e+01 -8.214850103697617811e+00 4.218756859829859707e+00
3.759511905930189357e+01 -8.266245785236034038e+00 4.218756859829859707e+00
3.784239309149391062e+01 -8.338553772488410232e+00 4.218756859829859707e+00
3.805144828053983019e+01 -8.407209877637242812e+00 4.218756859829859707e+00
3.818714686425466454e+01 -8.458454872395671842e+00 4.218756859829859707e+00
3.831325688831131515e+01 -8.510869967713221129e+00 4.218756859829859707e+00
3.845596265018004800e+01 -8.577648154908382949e+00 4.218756859829859707e+00
3.860550451127550531e+01 -8.651656296504643961e+00 4.218756859829859707e+00
3.874993375764672976e+01 -8.725112388401669250e+00 4.218756859829859707e+00
3.888439467665374139e+01 -8.801079514650115954e+00 4.218756859829859707e+00
3.898337777189455977e+01 -8.855582490934837736e+00 4.218756859829859707e+00
3.907163110945133155e+01 -8.901690051399505421e+00 4.218756859829859707e+00
3.915104748079430408e+01 -8.942080875405494567e+00 4.218756859829859707e+00
3.922560983472803997e+01 -8.980002967088626775e+00 4.218756859829859707e+00
3.931142027875041123e+01 -9.021307839589153943e+00 4.218756859829859707e+00
3.941341416112629759e+01 -9.065014369276630291e+00 4.218756859829859707e+00
3.958894672543114268e+01 -9.135728613161051115e+00 4.218756859829859707e+00
3.973880590517673284e+01 -9.194202626406692502e+00 4.218756859829859707e+00
3.987758220953137567e+01 -9.238102056172344589e+00 4.218756859829859707e+00
4.000616334201560420e+01 -9.278776423607972390e+00 4.218756859829859707e+00
4.010412977339755969e+01 -9.318242730892123404e+00 4.218756859829859707e+00
4.041131524118495122e+01 -9.348591555067713443e+00 4.218756859829859707e+00
4.046657045593764934e+01 -9.354661754277737273e+00 4.218756859829859707e+00
4.066968204898326178e+01 -9.439081003177433260e+00 4.218756859829859707e+00
4.089612517924576451e+01 -9.527437543102669437e+00 4.218756859829859707e+00
4.099022175720115513e+01 -9.565344858982081533e+00 4.218756859829859707e+00
4.117867606855147500e+01 -9.671816929589207135e+00 4.218756859829859707e+00
4.142475299316974002e+01 -9.818038448879013558e+00 4.218756859829859707e+00
4.158591464102156010e+01 -9.942218577841881455e+00 4.218756859829859707e+00
4.171635207090278641e+01 -1.007328796888215017e+01 4.218756859829859707e+00
4.185125638924299096e+01 -1.020591148703651818e+01 4.218756859829859707e+00
4.197918438517074691e+01 -1.037360733954590231e+01 4.218756859829859707e+00
4.210588323939335709e+01 -1.049816412171468905e+01 4.218756859829859707e+00
4.224200135795576472e+01 -1.067260449590416194e+01 4.218756859829859707e+00
4.234123431540388083e+01 -1.077678135700976902e+01 4.218756859829859707e+00
4.244085117977193278e+01 -1.086648889378849248e+01 4.218756859829859707e+00
4.255990366940416436e+01 -1.095616379573088750e+01 4.218756859829859707e+00
4.266621480254689658e+01 -1.102580322064911300e+01 4.218756859829859707e+00
4.274596262851239459e+01 -1.107201711518424858e+01 4.218756859829859707e+00
4.283739227036831210e+01 -1.111851783676953076e+01 4.218756859829859707e+00
4.291072541824081554e+01 -1.115186042217328755e+01 4.218756859829859707e+00
4.300225635653399792e+01 -1.118873415622410050e+01 4.218756859829859707e+00
4.309502901408615116e+01 -1.122033044440558136e+01 4.218756859829859707e+00
4.315277140743551598e+01 -1.123859622942651093e+01 4.218756859829859707e+00
4.320535501180088289e+01 -1.125335015644484393e+01 4.218756859829859707e+00
4.325711864130077799e+01 -1.126665931846628332e+01 4.218756859829859707e+00
4.329692751879126433e+01 -1.127597103625757491e+01 4.218756859829859707e+00
4.334998610341499159e+01 -1.128655837272808427e+01 4.218756859829859707e+00
4.339571973406321348e+01 -1.129464777181491542e+01 4.218756859829859707e+00
4.343331506343442783e+01 -1.130087423112827594e+01 4.218756859829859707e+00
4.347347741820132683e+01 -1.130707512937768477e+01 4.218756859829859707e+00
4.350351301425243378e+01 -1.131137657295917620e+01 4.218756859829859707e+00
4.352673574059330974e+01 -1.131444341888189697e+01 4.218756859829859707e+00
4.355382566014688450e+01 -1.131771981424732409e+01 4.218756859829859707e+00
4.358082312153688775e+01 -1.132068568759585325e+01 4.218756859829859707e+00
4.360981623175075583e+01 -1.132355010305965060e+01 4.218756859829859707e+00
4.363683589301048471e+01 -1.132592132792512807e+01 4.218756859829859707e+00
4.366827624779325845e+01 -1.132833416240250912e+01 4.218756859829859707e+00
4.370190080177198411e+01 -1.133091461938802880e+01 4.218756859829859707e+00
4.373677141066498564e+01 -1.133359070265635005e+01 4.218756859829859707e+00
4.376768526888371014e+01 -1.133596313208516371e+01 4.218756859829859707e+00
4.379224241409150409e+01 -1.133784772680531816e+01 4.218756859829859707e+00
4.380957391152580271e+01 -1.133917780195374014e+01 4.218756859829859707e+00
4.382723832187538449e+01 -1.134053342591563762e+01 4.218756859829859707e+00
4.384671293577950735e+01 -1.134202797075096747e+01 4.218756859829859707e+00
4.387588073710838188e+01 -1.134426640212879178e+01 4.218756859829859707e+00
4.390707827444353484e+01 -1.134700427421237023e+01 4.218756859829859707e+00
4.393133204274314352e+01 -1.134940045966678746e+01 4.218756859829859707e+00
4.397044654323370594e+01 -1.135413117021300522e+01 4.218756859829859707e+00
4.401512114280392751e+01 -1.136052908784547100e+01 4.218756859829859707e+00
4.407273302339039134e+01 -1.137071952074137471e+01 4.218756859829859707e+00
4.415160983905183656e+01 -1.138826164886215864e+01 4.218756859829859707e+00
4.421102325942661793e+01 -1.140353768042438531e+01 4.218756859829859707e+00
4.427672644325237172e+01 -1.142275063593127093e+01 4.218756859829859707e+00
4.433813851327995081e+01 -1.144366621077423396e+01 4.218756859829859707e+00
4.440343602258467115e+01 -1.146914484632044307e+01 4.218756859829859707e+00
4.448329900119190228e+01 -1.150440704715870233e+01 4.218756859829859707e+00
4.459091128735073539e+01 -1.156062860351194210e+01 4.218756859829859707e+00
4.466461633424520272e+01 -1.160334070534856998e+01 4.218756859829859707e+00
4.473418705501629233e+01 -1.164783303746904686e+01 4.218756859829859707e+00
4.484100472677539528e+01 -1.173013942010640420e+01 4.218756859829859707e+00
4.493449734884019620e+01 -1.181069781719986445e+01 4.218756859829859707e+00
4.502935163007428798e+01 -1.190601166147168044e+01 4.218756859829859707e+00
4.510396928570039421e+01 -1.199154748603909582e+01 4.218756859829859707e+00
4.518213167748474746e+01 -1.209879535823476715e+01 4.218756859829859707e+00
4.527075874341782225e+01 -1.224231635563759291e+01 4.218756859829859707e+00
4.533738910135765821e+01 -1.237136779525907748e+01 4.218756859829859707e+00
4.539192646892527705e+01 -1.250865552288787086e+01 4.218756859829859707e+00
4.544994281396343183e+01 -1.270264897782126390e+01 4.218756859829859707e+00
4.548744325612961603e+01 -1.288477818804022057e+01 4.218756859829859707e+00
4.550254990693520085e+01 -1.304562701496293542e+01 4.218756859829859707e+00
4.549971580329505372e+01 -1.322526898896177450e+01 4.218756859829859707e+00
4.547294970492140465e+01 -1.351422054325282929e+01 4.218756859829859707e+00
4.543685803666248546e+01 -1.370103402072325594e+01 4.218756859829859707e+00
4.534291167047744864e+01 -1.393840856070388590e+01 4.218756859829859707e+00
4.522530397588261053e+01 -1.419378985951168026e+01 4.218756859829859707e+00
4.511536612056733730e+01 -1.446292609665972506e+01 4.218756859829859707e+00
4.497807288733240938e+01 -1.474465889983361322e+01 4.218756859829859707e+00
4.478285604628371885e+01 -1.502598215998034803e+01 4.218756859829859707e+00
4.457287894391260608e+01 -1.522845526370006120e+01 4.218756859829859707e+00
4.440497325293262065e+01 -1.552232086456364435e+01 4.218756859829859707e+00
4.427926378024737630e+01 -1.572155832031243605e+01 4.218756859829859707e+00
4.411941530840239523e+01 -1.593649289199068519e+01 4.218756859829859707e+00
4.390284956605182742e+01 -1.613201667368748815e+01 4.218756859829859707e+00
4.375657521958069651e+01 -1.625289308285172751e+01 4.218756859829859707e+00
4.361207746405248997e+01 -1.635475242018883080e+01 4.218756859829859707e+00
4.346209690396029401e+01 -1.643974029512287061e+01 4.218756859829859707e+00
4.327859040058908846e+01 -1.653084906890997985e+01 4.218756859829859707e+00
4.314063628965170238e+01 -1.659197083739340073e+01 4.218756859829859707e+00
4.288648956697415571e+01 -1.671470390438745213e+01 4.218756859829859707e+00
4.269366991189404814e+01 -1.681308089334130074e+01 4.218756859829859707e+00
4.254160697416585890e+01 -1.688447426302838750e+01 4.218756859829859707e+00
4.227451299992670641e+01 -1.692606129658350866e+01 4.218756859829859707e+00
4.217085543660291336e+01 -1.694336470744438117e+01 4.218756859829859707e+00
4.208402336231695529e+01 -1.695785946314858705e+01 4.218756859829859707e+00
4.199658851753886779e+01 -1.697049496610151920e+01 4.218756859829859707e+00
4.192668871348398341e+01 -1.697903948153578568e+01 4.218756859829859707e+00
4.186195095763312679e+01 -1.698623498582525926e+01 4.218756859829859707e+00
4.179396061326408329e+01 -1.699379201044126830e+01 4.218756859829859707e+00
4.170613082104022595e+01 -1.700258240812294375e+01 4.218756859829859707e+00
4.166111795729661083e+01 -1.700659056227197041e+01 4.218756859829859707e+00
4.162294008955577596e+01 -1.700999009667746975e+01 4.218756859829859707e+00
4.159095322072541023e+01 -1.701283835582727733e+01 4.218756859829859707e+00
4.151878475100752297e+01 -1.702006129843974591e+01 4.218756859829859707e+00
4.139424168389582093e+01 -1.703252612456180870e+01 4.218756859829859707e+00
4.132710152127971526e+01 -1.703998865275344343e+01 4.218756859829859707e+00
4.126667434551973912e+01 -1.704670504254278640e+01 4.218756859829859707e+00
4.114689548466653690e+01 -1.706134674775350746e+01 4.218756859829859707e+00
4.102784663633822504e+01 -1.707722312179850022e+01 4.218756859829859707e+00
4.074284121549707294e+01 -1.717122502789666072e+01 4.218756859829859707e+00
4.045255388651308692e+01 -1.723617331646732964e+01 4.218756859829859707e+00
4.013767240985829687e+01 -1.735554375604682065e+01 4.218756859829859707e+00
3.991102873297296583e+01 -1.743305625260086344e+01 4.218756859829859707e+00
3.978930007465914542e+01 -1.747618102439640708e+01 4.218756859829859707e+00
3.968198117251790791e+01 -1.751552770164352424e+01 4.218756859829859707e+00
3.950588181886735129e+01 -1.758449937672000729e+01 4.218756859829859707e+00
3.930656024752937583e+01 -1.765024060920938354e+01 4.218756859829859707e+00
3.905974750139228746e+01 -1.773164561728864896e+01 4.218756859829859707e+00
3.873678306723686404e+01 -1.790090164021434305e+01 4.218756859829859707e+00
3.849841209892843352e+01 -1.800964951820217763e+01 4.218756859829859707e+00
3.832392199130012500e+01 -1.808468577100925856e+01 4.218756859829859707e+00
3.801990490937298972e+01 -1.818495819776945055e+01 4.218756859829859707e+00
3.786159766875024246e+01 -1.823525809825518351e+01 4.218756859829859707e+00
3.769882543935636221e+01 -1.829292336249531203e+01 4.218756859829859707e+00
3.761255514229993935e+01 -1.832137746115429167e+01 4.218756859829859707e+00
3.752292539653626591e+01 -1.834985605300353129e+01 4.218756859829859707e+00
3.745173804463649248e+01 -1.837247483343527676e+01 4.218756859829859707e+00
3.742014150288396479e+01 -1.838251419044505752e+01 4.218756859829859707e+00
3.740604162579436576e+01 -1.838699422819745521e+01 4.218756859829859707e+00
3.735655909685095821e+01 -1.840271660622542527e+01 4.218756859829859707e+00
3.728104290373824625e+01 -1.842762373280891808e+01 4.218756859829859707e+00
3.720424513874995398e+01 -1.845388869010144006e+01 4.218756859829859707e+00
3.712594606496753613e+01 -1.848162767725074573e+01 4.218756859829859707e+00
3.694234452670489333e+01 -1.855586486675886349e+01 4.218756859829859707e+00
3.687579336077533299e+01 -1.858362511800997652e+01 4.218756859829859707e+00
3.675451491653042524e+01 -1.863266267474209670e+01 4.218756859829859707e+00
3.664722053483563968e+01 -1.867604593515703826e+01 4.218756859829859707e+00
3.648967981868832311e+01 -1.873774887080205076e+01 4.218756859829859707e+00
3.614701146462716963e+01 -1.900248285858530295e+01 4.218756859829859707e+00
3.574779220420113290e+01 -1.915884243937636455e+01 4.218756859829859707e+00
3.547482342828207891e+01 -1.935576944548850520e+01 4.218756859829859707e+00
3.528148658852861530e+01 -1.951553678345554133e+01 4.218756859829859707e+00
3.509482359517980399e+01 -1.965651202222265326e+01 4.218756859829859707e+00
3.490639510978522964e+01 -1.981572475752702545e+01 4.218756859829859707e+00
3.475833198179518035e+01 -1.993272253712900621e+01 4.218756859829859707e+00
3.453237157768171528e+01 -2.025086059021861118e+01 4.218756859829859707e+00
3.420880064059939940e+01 -2.050654262055439503e+01 4.218756859829859707e+00
3.416879944594963803e+01 -2.053815110417203016e+01 4.218756859829859707e+00
3.412563875778283062e+01 -2.057225618320257254e+01 4.218756859829859707e+00
3.398685711568516155e+01 -2.066783032073619353e+01 4.218756859829859707e+00
3.391422905821879397e+01 -2.072394030302709211e+01 4.218756859829859707e+00
3.378712580043865188e+01 -2.084384529139957820e+01 4.218756859829859707e+00
3.362310399984473719e+01 -2.100200540823579942e+01 4.253769424943391719e+00
3.361291756334858150e+01 -2.101182780977354270e+01 4.253769424943391719e+00
3.360406433653412961e+01 -2.102036464684203310e+01 4.253769424943391719e+00
3.359486700614884569e+01 -2.102923329017511378e+01 4.253769424943391719e+00
3.358583257790736099e+01 -2.103794485303473039e+01 4.253769424943391719e+00
3.357726442141074585e+01 -2.104620680740707073e+01 4.253769424943391719e+00
3.356900617652035379e+01 -2.105416992555354128e+01 4.253769424943391719e+00
3.355929770108224375e+01 -2.106353144703442482e+01 4.253769424943391719e+00
3.355046918185183813e+01 -2.107204445949932747e+01 4.253769424943391719e+00
3.354142842239772193e+01 -2.108076212731161192e+01 4.253769424943391719e+00
3.353207594226931576e+01 -2.108978037576676101e+01 4.253769424943391719e+00
3.352328405998903094e+01 -2.109825806058441700e+01 4.253769424943391719e+00
3.351407540217396530e+01 -2.110713762653639591e+01 4.253769424943391719e+00
3.350460960352674533e+01 -2.111626514382111708e+01 4.253769424943391719e+00
3.349538066324598873e+01 -2.112516426739977504e+01 4.253769424943391719e+00
3.348679678873769205e+01 -2.113344137806569734e+01 4.253769424943391719e+00
3.347838598765547857e+01 -2.114155160046925985e+01 4.253769424943391719e+00
3.347051683587718429e+01 -2.114913953061117269e+01 4.253769424943391719e+00
3.346183170323786271e+01 -2.115751428072365314e+01 4.253769424943391719e+00
3.345352966733204880e+01 -2.116551962491624295e+01 4.253769424943391719e+00
3.344390399838933803e+01 -2.117480129917596443e+01 4.253769424943391719e+00
3.343442079730050409e+01 -2.118394559698735335e+01 4.253769424943391719e+00
3.342561823594584069e+01 -2.119243357923891935e+01 4.253769424943391719e+00
3.341743313175390284e+01 -2.120032617053242774e+01 4.253769424943391719e+00
3.340785910316869689e+01 -2.120955804991764637e+01 4.253769424943391719e+00
3.339859355751085701e+01 -2.121849247069883759e+01 4.253769424943391719e+00
3.338978044274398371e+01 -2.122699062921296331e+01 4.253769424943391719e+00
3.338123774624583007e+01 -2.123522803345649379e+01 4.253769424943391719e+00
3.337334127669127781e+01 -2.124284230511318583e+01 4.253769424943391719e+00
3.336432637234521792e+01 -2.125153504180719821e+01 4.253769424943391719e+00
3.335443979400528747e+01 -2.126106830128668079e+01 4.253769424943391719e+00
3.334545296393025637e+01 -2.126973396700616092e+01 4.253769424943391719e+00
3.333614108260892550e+01 -2.127871306754288128e+01 4.253769424943391719e+00
3.332697247207362778e+01 -2.128755401739368125e+01 4.253769424943391719e+00
3.331780071268453725e+01 -2.129639800356698132e+01 4.253769424943391719e+00
3.330906897185126780e+01 -2.130481769622596033e+01 4.253769424943391719e+00
3.330094535688010637e+01 -2.131265099575272615e+01 4.253769424943391719e+00
3.329216206087973262e+01 -2.132112040114028062e+01 4.253769424943391719e+00
3.328339144534430005e+01 -2.132957757922750375e+01 4.253769424943391719e+00
3.327537710166675566e+01 -2.133730551251330354e+01 4.253769424943391719e+00
3.326642403921275815e+01 -2.134593861737277010e+01 4.253769424943391719e+00
3.325649888356615236e+01 -2.135550907551309763e+01 4.253769424943391719e+00
3.324714333806167588e+01 -2.136453027979629127e+01 4.253769424943391719e+00
3.323766476333142350e+01 -2.137367011658231064e+01 4.253769424943391719e+00
3.322840869798966423e+01 -2.138259539584759850e+01 4.253769424943391719e+00
3.321972761793572460e+01 -2.139096623820284293e+01 4.253769424943391719e+00
3.321138713242385876e+01 -2.139900865791931395e+01 4.253769424943391719e+00
3.320176258356941901e+01 -2.140828925211960865e+01 4.253769424943391719e+00
3.319263010067047048e+01 -2.141709536543547188e+01 4.253769424943391719e+00
3.318342641739796051e+01 -2.142597013462122746e+01 4.253769424943391719e+00
3.317430570260022904e+01 -2.143476490039513749e+01 4.253769424943391719e+00
3.316505525595638915e+01 -2.144368476175917593e+01 4.253769424943391719e+00
3.315658369968211616e+01 -2.145185356813291122e+01 4.253769424943391719e+00
3.314823929148340653e+01 -2.145989977035028673e+01 4.253769424943391719e+00
3.313947270452805327e+01 -2.146835306382769559e+01 4.253769424943391719e+00
3.313162123962865735e+01 -2.147592393917065579e+01 4.253769424943391719e+00
3.312271508127991382e+01 -2.148451181614736782e+01 4.253769424943391719e+00
3.311389822508359515e+01 -2.149301358238263759e+01 4.253769424943391719e+00
3.310541954883505156e+01 -2.150118925428253291e+01 4.253769424943391719e+00
3.309701351744329401e+01 -2.150929487745113278e+01 4.253769424943391719e+00
3.308794470672707888e+01 -2.151803959405129518e+01 4.253769424943391719e+00
3.307806616835313918e+01 -2.152756510089085040e+01 4.253769424943391719e+00
3.306875845282367266e+01 -2.153654018450954055e+01 4.253769424943391719e+00
3.305930331819243406e+01 -2.154565741888060870e+01 4.253769424943391719e+00
3.305057346273205354e+01 -2.155407529354469176e+01 4.253769424943391719e+00
3.304167346347599477e+01 -2.156265723153759239e+01 4.253769424943391719e+00
3.303378988696282903e+01 -2.157025907091439976e+01 4.253769424943391719e+00
3.302482899488367707e+01 -2.157889972558995950e+01 4.253769424943391719e+00
3.301596956399670546e+01 -2.158744254501464610e+01 4.253769424943391719e+00
3.300760181139401794e+01 -2.159551125737181465e+01 4.253769424943391719e+00
3.299920272124283116e+01 -2.160361018736050553e+01 4.253769424943391719e+00
3.299032737940967053e+01 -2.161216834911834184e+01 4.253769424943391719e+00
3.298057518006505973e+01 -2.162157203193470423e+01 4.253769424943391719e+00
3.297163061122374472e+01 -2.163019694671962156e+01 4.253769424943391719e+00
3.296227059498701806e+01 -2.163922246196350585e+01 4.253769424943391719e+00
3.295288162331147674e+01 -2.164827589785921447e+01 4.253769424943391719e+00
3.294385460062634507e+01 -2.165698031981650118e+01 4.253769424943391719e+00
3.293499096287818162e+01 -2.166552719576084129e+01 4.253769424943391719e+00
3.292533023949360427e+01 -2.167484267171400347e+01 4.253769424943391719e+00
3.291558905075957142e+01 -2.168423573740844290e+01 4.253769424943391719e+00
3.290670131330396941e+01 -2.169280585180359111e+01 4.253769424943391719e+00
3.289708645248730789e+01 -2.170207710418968361e+01 4.253769424943391719e+00
3.288819438411127294e+01 -2.171065139473019201e+01 4.253769424943391719e+00
3.287890851019212590e+01 -2.171960541729707472e+01 4.253769424943391719e+00
3.287001438618399618e+01 -2.172818169000709432e+01 4.253769424943391719e+00
3.286060980611364357e+01 -2.173725017649691793e+01 4.253769424943391719e+00
3.285198988505411677e+01 -2.174556204551040750e+01 4.253769424943391719e+00
3.284374769189471976e+01 -2.175350968557018660e+01 4.253769424943391719e+00
3.283475629296255960e+01 -2.176217975686852668e+01 4.253769424943391719e+00
3.282480052881578558e+01 -2.177177972964620878e+01 4.253769424943391719e+00
3.281568950639318416e+01 -2.178056514942356969e+01 4.253769424943391719e+00
3.280705397399310641e+01 -2.178889207187164700e+01 4.253769424943391719e+00
3.279711787608449214e+01 -2.179847308122792171e+01 4.253769424943391719e+00
3.278714008089016829e+01 -2.180809429772467922e+01 4.253769424943391719e+00
3.277804773284312034e+01 -2.181686171049681988e+01 4.253769424943391719e+00
3.276801574169277842e+01 -2.182653518613659926e+01 4.253769424943391719e+00
3.275882418782988736e+01 -2.183539825938416357e+01 4.253769424943391719e+00
3.274934663695588455e+01 -2.184453710890371525e+01 4.253769424943391719e+00
3.274014599339552944e+01 -2.185340894700819803e+01 4.253769424943391719e+00
3.273085612411353651e+01 -2.186236682215475469e+01 4.253769424943391719e+00
3.272234355930520167e+01 -2.187057517153140296e+01 4.253769424943391719e+00
3.271438696771338073e+01 -2.187824741663067485e+01 4.253769424943391719e+00
3.270510088442198082e+01 -2.188720164108742949e+01 4.253769424943391719e+00
3.269520733635205545e+01 -2.189674162121810497e+01 4.253769424943391719e+00
3.268567027791414858e+01 -2.190593785166644736e+01 4.253769424943391719e+00
3.267630059900268691e+01 -2.191497268426789802e+01 4.253769424943391719e+00
3.266752203160855572e+01 -2.192343753003646256e+01 4.253769424943391719e+00
3.265947191079092704e+01 -2.193119996188669063e+01 4.253769424943391719e+00
3.265011506918173012e+01 -2.194022241595541445e+01 4.253769424943391719e+00
3.264137846489396111e+01 -2.194864679826253351e+01 4.253769424943391719e+00
3.263274847833993419e+01 -2.195696837305770188e+01 4.253769424943391719e+00
3.262334970183895422e+01 -2.196603126338160905e+01 4.253769424943391719e+00
3.261535191239097031e+01 -2.197374323404005025e+01 4.253769424943391719e+00
3.260532886212754988e+01 -2.198340808831537885e+01 4.253769424943391719e+00
3.259617846759481807e+01 -2.199223147315296600e+01 4.253769424943391719e+00
3.258676428024643457e+01 -2.200130922358337671e+01 4.253769424943391719e+00
3.257749692185929291e+01 -2.201024539231195831e+01 4.253769424943391719e+00
3.256820463293380641e+01 -2.201920560063066290e+01 4.253769424943391719e+00
3.255972570542416378e+01 -2.202738151481228712e+01 4.253769424943391719e+00
3.255190100499879691e+01 -2.203492658216920574e+01 4.253769424943391719e+00
3.254269264300759090e+01 -2.204380586286924171e+01 4.253769424943391719e+00
3.253289785038423076e+01 -2.205325061679883092e+01 4.253769424943391719e+00
3.252385162967956234e+01 -2.206197355069173582e+01 4.253769424943391719e+00
3.251451934618708606e+01 -2.207097232428265343e+01 4.253769424943391719e+00
3.250517343812060034e+01 -2.207998423554312595e+01 4.253769424943391719e+00
3.249586214706304332e+01 -2.208896276691045912e+01 4.253769424943391719e+00
3.248768814910858538e+01 -2.209684464887257960e+01 4.253769424943391719e+00
3.247792624904171532e+01 -2.210625768573432026e+01 4.253769424943391719e+00
3.246820138478702944e+01 -2.211563501034098067e+01 4.253769424943391719e+00
3.245901263925534153e+01 -2.212449537561929702e+01 4.253769424943391719e+00
3.244926389681302936e+01 -2.213389572507345093e+01 4.253769424943391719e+00
3.244024561816063112e+01 -2.214259171548546234e+01 4.253769424943391719e+00
3.243088901253361200e+01 -2.215161394200535838e+01 4.253769424943391719e+00
3.242155179531481934e+01 -2.216061747300491191e+01 4.253769424943391719e+00
3.241308644290683816e+01 -2.216878029722131416e+01 4.253769424943391719e+00
3.240376512901661954e+01 -2.217776849323309563e+01 4.253769424943391719e+00
3.239465337102371478e+01 -2.218655462229352082e+01 4.253769424943391719e+00
3.238528668758640094e+01 -2.219558656647075523e+01 4.253769424943391719e+00
3.237660467607465620e+01 -2.220395830699609618e+01 4.253769424943391719e+00
3.236853153214956080e+01 -2.221174293917184883e+01 4.253769424943391719e+00
3.235927098151767467e+01 -2.222067254343544818e+01 4.253769424943391719e+00
3.234963247791772289e+01 -2.222996659367739625e+01 4.253769424943391719e+00
3.234034855222434857e+01 -2.223891873764268823e+01 4.253769424943391719e+00
3.233080834118355540e+01 -2.224811800802863715e+01 4.253769424943391719e+00
3.232179584221283619e+01 -2.225680842530874060e+01 4.253769424943391719e+00
3.231281981167590089e+01 -2.226546367743563337e+01 4.253769424943391719e+00
3.230426641075663952e+01 -2.227371140355398538e+01 4.253769424943391719e+00
3.229614423895296227e+01 -2.228154331148806122e+01 4.253769424943391719e+00
3.228720280681508115e+01 -2.229016520166662119e+01 4.253769424943391719e+00
3.227767026103541070e+01 -2.229935708072659750e+01 4.253769424943391719e+00
3.226837945965802135e+01 -2.230831585465804423e+01 4.253769424943391719e+00
3.225900538528654948e+01 -2.231735492563796797e+01 4.253769424943391719e+00
3.224995497467258332e+01 -2.232608189970444812e+01 4.253769424943391719e+00
3.224113207304832684e+01 -2.233458949532084503e+01 4.253769424943391719e+00
3.223169790174750204e+01 -2.234368651553272045e+01 4.253769424943391719e+00
3.222244704117889569e+01 -2.235260677602899904e+01 4.253769424943391719e+00
3.221327799399816882e+01 -2.236144814692072913e+01 4.253769424943391719e+00
3.220553666243352353e+01 -2.236891282478854137e+01 4.253769424943391719e+00
3.219640253023692367e+01 -2.237772052846074189e+01 4.253769424943391719e+00
3.218761526121430450e+01 -2.238619376488575341e+01 4.253769424943391719e+00
3.217910012962584432e+01 -2.239440458931293065e+01 4.253769424943391719e+00
3.217090198835096970e+01 -2.240230975178023343e+01 4.253769424943391719e+00
3.216179204519055901e+01 -2.241109413086524071e+01 4.253769424943391719e+00
3.215313210351062168e+01 -2.241944459027328307e+01 4.253769424943391719e+00
3.214471219459524320e+01 -2.242756359502133634e+01 4.253769424943391719e+00
3.213536534167997161e+01 -2.243657641736432851e+01 4.253769424943391719e+00
3.212639188454930661e+01 -2.244522918805134992e+01 4.253769424943391719e+00
3.211720010804583580e+01 -2.245409247598293589e+01 4.253769424943391719e+00
3.210807486965229174e+01 -2.246289160369190796e+01 4.253769424943391719e+00
3.210051729992988356e+01 -2.247017908685552356e+01 4.253769424943391719e+00
3.209107349558282607e+01 -2.247928539585530672e+01 4.253769424943391719e+00
3.208195994166830900e+01 -2.248807325665609369e+01 4.253769424943391719e+00
3.207349008036865001e+01 -2.249624042862890150e+01 4.253769424943391719e+00
3.206515630374249071e+01 -2.250427637921661272e+01 4.253769424943391719e+00
3.205612886022419161e+01 -2.251298120696765892e+01 4.253769424943391719e+00
3.204682250488231432e+01 -2.252195497900809329e+01 4.253769424943391719e+00
3.203709965470451237e+01 -2.253133036151538704e+01 4.253769424943391719e+00
3.202701711326125888e+01 -2.254105258092095809e+01 4.253769424943391719e+00
3.201675719149334753e+01 -2.255094584157086857e+01 4.253769424943391719e+00
3.200767118059016525e+01 -2.255970714367107277e+01 4.253769424943391719e+00
3.199949446774725459e+01 -2.256759164349907110e+01 4.253769424943391719e+00
3.199161014196610964e+01 -2.257519420536709731e+01 4.253769424943391719e+00
3.198286426444799346e+01 -2.258362752950505836e+01 4.253769424943391719e+00
3.197409948266569302e+01 -2.259207908232128759e+01 4.253769424943391719e+00
3.196467747207820409e+01 -2.260116437640995812e+01 4.253769424943391719e+00
3.195594151113524717e+01 -2.260958813836362680e+01 4.253769424943391719e+00
3.194825580455644953e+01 -2.261699917912815039e+01 4.253769424943391719e+00
3.193965795241802041e+01 -2.262528976790251178e+01 4.253769424943391719e+00
3.193196522793718017e+01 -2.263270757576874104e+01 4.253769424943391719e+00
3.192395985847640105e+01 -2.264042685555136458e+01 4.253769424943391719e+00
3.191513087084515377e+01 -2.264894031967776300e+01 4.253769424943391719e+00
3.190647617597953101e+01 -2.265728571977806993e+01 4.253769424943391719e+00
3.189749547589309842e+01 -2.266594547457772535e+01 4.253769424943391719e+00
3.188834610477255538e+01 -2.267476787257703563e+01 4.253769424943391719e+00
3.187973038094303035e+01 -2.268307569435787130e+01 4.253769424943391719e+00
3.187151540181656983e+01 -2.269099709293869083e+01 4.253769424943391719e+00
3.186394525940144717e+01 -2.269829669948189022e+01 4.253769424943391719e+00
3.185576947400102910e+01 -2.270618030501161755e+01 4.253769424943391719e+00
3.184701072302687663e+01 -2.271462604254404027e+01 4.253769424943391719e+00
3.183807584510765309e+01 -2.272324161273352061e+01 4.253769424943391719e+00
3.182867378128832314e+01 -2.273230767289614818e+01 4.253769424943391719e+00
3.181980337443862439e+01 -2.274086107603312712e+01 4.253769424943391719e+00
3.181066030368572228e+01 -2.274967739882244544e+01 4.253769424943391719e+00
3.180313289700117707e+01 -2.275693579689142609e+01 4.253769424943391719e+00
3.179476727034974104e+01 -2.276500245927293875e+01 4.253769424943391719e+00
3.178570939248156435e+01 -2.277373663373469626e+01 4.253769424943391719e+00
3.177807926736744903e+01 -2.278109407936176112e+01 4.253769424943391719e+00
3.176971187000362917e+01 -2.278916244917531486e+01 4.253769424943391719e+00
3.176101130476412138e+01 -2.279755208036969805e+01 4.253769424943391719e+00
3.175245408330697572e+01 -2.280580349049051492e+01 4.253769424943391719e+00
3.174291266077685947e+01 -2.281500392907052444e+01 4.253769424943391719e+00
3.173291871901911065e+01 -2.282464071509735959e+01 4.253769424943391719e+00
3.172353967823756804e+01 -2.283368457500164794e+01 4.253769424943391719e+00
3.171461438646220543e+01 -2.284229090162943621e+01 4.253769424943391719e+00
3.170667305977763206e+01 -2.284994842734686671e+01 4.253769424943391719e+00
3.169741276205352776e+01 -2.285887778774090506e+01 4.253769424943391719e+00
3.168805197865682644e+01 -2.286790404272859689e+01 4.253769424943391719e+00
3.167800914766327125e+01 -2.287758797082569018e+01 4.253769424943391719e+00
3.166861195801655171e+01 -2.288664933100510268e+01 4.253769424943391719e+00
3.165969288755760758e+01 -2.289524965864904615e+01 4.253769424943391719e+00
3.165177699212160789e+01 -2.290288266196011335e+01 4.253769424943391719e+00
3.164229891884489732e+01 -2.291202201521314663e+01 4.253769424943391719e+00
3.163329474844096367e+01 -2.292070440156631861e+01 4.253769424943391719e+00
3.162546736165158379e+01 -2.292825205928406263e+01 4.253769424943391719e+00
3.161689093666004524e+01 -2.293652198665827413e+01 4.253769424943391719e+00
3.160815683691588873e+01 -2.294494395392721842e+01 4.253769424943391719e+00
3.159984116912250585e+01 -2.295296244284156018e+01 4.253769424943391719e+00
3.159088832382958500e+01 -2.296159533830068611e+01 4.253769424943391719e+00
3.158142407334629809e+01 -2.297072136274855580e+01 4.253769424943391719e+00
3.157240899556550673e+01 -2.297941426667922116e+01 4.253769424943391719e+00
3.156407670458157355e+01 -2.298744878471743291e+01 4.253769424943391719e+00
3.155481717545436737e+01 -2.299637740398209473e+01 4.253769424943391719e+00
3.154605532672021084e+01 -2.300482612856917797e+01 4.253769424943391719e+00
3.153797890624744582e+01 -2.301261392019788588e+01 4.253769424943391719e+00
3.152820070085747162e+01 -2.302204267967575291e+01 4.253769424943391719e+00
3.151829291017323698e+01 -2.303159639342925047e+01 4.253769424943391719e+00
3.150885480220357238e+01 -2.304069720962435142e+01 4.253769424943391719e+00
3.150113309003101847e+01 -2.304814296924267225e+01 4.253769424943391719e+00
3.149166105232336577e+01 -2.305727650262113215e+01 4.253769424943391719e+00
3.148257142967550593e+01 -2.306604128739228443e+01 4.253769424943391719e+00
3.147392152752553329e+01 -2.307438206605528919e+01 4.253769424943391719e+00
3.146522371659864348e+01 -2.308276904136853958e+01 4.253769424943391719e+00
3.145571728553148816e+01 -2.309193573898332374e+01 4.253769424943391719e+00
3.144663656823181697e+01 -2.310069193665870912e+01 4.253769424943391719e+00
3.143775223750444070e+01 -2.310925876607263874e+01 4.253769424943391719e+00
3.142932999391363325e+01 -2.311738002206130460e+01 4.253769424943391719e+00
3.141957089786091828e+01 -2.312679035511657233e+01 4.253769424943391719e+00
3.140995072976904368e+01 -2.313606672511059514e+01 4.253769424943391719e+00
3.140113487886528887e+01 -2.314456752197966694e+01 4.253769424943391719e+00
3.139275226454871159e+01 -2.315265056493433704e+01 4.253769424943391719e+00
3.138399014593832348e+01 -2.316109954975302543e+01 4.253769424943391719e+00
3.137518472105962530e+01 -2.316959029319422925e+01 4.253769424943391719e+00
3.136710985638582372e+01 -2.317737658462390726e+01 4.253769424943391719e+00
3.135866462537149246e+01 -2.318552000652940137e+01 4.253769424943391719e+00
3.134992035049982562e+01 -2.319395178529504875e+01 4.253769424943391719e+00
3.134157078569815624e+01 -2.320200295983271488e+01 4.253769424943391719e+00
3.133291628689676500e+01 -2.321034817087558011e+01 4.253769424943391719e+00
3.132520836524869878e+01 -2.321778063280446958e+01 4.253769424943391719e+00
3.131673135828262033e+01 -2.322595469507742294e+01 4.253769424943391719e+00
3.130874101832005607e+01 -2.323365948247436563e+01 4.253769424943391719e+00
3.130010068249384858e+01 -2.324199103668745536e+01 4.253769424943391719e+00
3.129086818305965778e+01 -2.325089359222528174e+01 4.253769424943391719e+00
3.128203301740039777e+01 -2.325941301359412705e+01 4.253769424943391719e+00
3.127412968464575727e+01 -2.326703390317918974e+01 4.253769424943391719e+00
3.126454770237554825e+01 -2.327627345200679088e+01 4.253769424943391719e+00
3.125552876385885170e+01 -2.328497007870137736e+01 4.253769424943391719e+00
3.124744245376801643e+01 -2.329276740652066380e+01 4.253769424943391719e+00
3.123833685251441494e+01 -2.330154759886655214e+01 4.253769424943391719e+00
3.122988497588841028e+01 -2.330969742888801122e+01 4.253769424943391719e+00
3.122169022019685514e+01 -2.331759932676333946e+01 4.253769424943391719e+00
3.121345216825251612e+01 -2.332554297360358575e+01 4.253769424943391719e+00
3.120541132539950624e+01 -2.333329645905789107e+01 4.253769424943391719e+00
3.119720534390667410e+01 -2.334120918155552715e+01 4.253769424943391719e+00
3.118856614006393713e+01 -2.334953964423909767e+01 4.253769424943391719e+00
3.118073539661153504e+01 -2.335709053866204243e+01 4.253769424943391719e+00
3.117137847719346411e+01 -2.336611306775897035e+01 4.253769424943391719e+00
3.116367414029005900e+01 -2.337354207305202536e+01 4.253769424943391719e+00
3.115516286496537646e+01 -2.338174917902759020e+01 4.253769424943391719e+00
3.114606714982026503e+01 -2.339051983856705874e+01 4.253769424943391719e+00
3.113766947391048490e+01 -2.339861740485540764e+01 4.253769424943391719e+00
3.113026304426410107e+01 -2.340575914926968437e+01 4.253769424943391719e+00
3.112208419043603769e+01 -2.341364571356997359e+01 4.253769424943391719e+00
3.111363825197613409e+01 -2.342178981763889922e+01 4.253769424943391719e+00
3.110457152884166021e+01 -2.343053252126169639e+01 4.253769424943391719e+00
3.109586694171791521e+01 -2.343892603060934121e+01 4.253769424943391719e+00
3.108753103859022815e+01 -2.344696403170332033e+01 4.253769424943391719e+00
3.107939060904955397e+01 -2.345481354489356818e+01 4.253769424943391719e+00
3.107180027879913098e+01 -2.346213261781488413e+01 4.253769424943391719e+00
3.106335474801002761e+01 -2.347027632878203462e+01 4.253769424943391719e+00
3.105462761291909857e+01 -2.347869158029511993e+01 4.253769424943391719e+00
3.104554465613081504e+01 -2.348744993742601039e+01 4.253769424943391719e+00
3.103676749887817365e+01 -2.349591342344763234e+01 4.253769424943391719e+00
3.102820269663970265e+01 -2.350417214343369920e+01 4.253769424943391719e+00
3.101894668713290315e+01 -2.351309736885941604e+01 4.253769424943391719e+00
3.100974425537882695e+01 -2.352197093125253602e+01 4.253769424943391719e+00
3.100106004565485662e+01 -2.353034479143209623e+01 4.253769424943391719e+00
3.099342862237555352e+01 -2.353770348883153218e+01 4.253769424943391719e+00
3.098491254983284193e+01 -2.354591522058587216e+01 4.253769424943391719e+00
3.097622779191867437e+01 -2.355428960936483662e+01 4.253769424943391719e+00
3.096735634334562803e+01 -2.356284401699686271e+01 4.253769424943391719e+00
3.095803614734447962e+01 -2.357183113506983219e+01 4.253769424943391719e+00
3.094927856736168437e+01 -2.358027574345887700e+01 4.253769424943391719e+00
3.094066943830534200e+01 -2.358857720614541620e+01 4.253769424943391719e+00
3.093268312931733632e+01 -2.359627810662364311e+01 4.253769424943391719e+00
3.092482860922175192e+01 -2.360385192797856035e+01 4.253769424943391719e+00
3.091585669448831553e+01 -2.361250321138934183e+01 4.253769424943391719e+00
3.090704176783276225e+01 -2.362100311704027789e+01 4.253769424943391719e+00
3.089859843064042266e+01 -2.362914471280372553e+01 4.253769424943391719e+00
3.089012661231686607e+01 -2.363731377186183380e+01 4.253769424943391719e+00
3.088181532395886464e+01 -2.364532803784965509e+01 4.253769424943391719e+00
3.087377397648112876e+01 -2.365308200989479914e+01 4.253769424943391719e+00
3.086548767658703696e+01 -2.366107218043703142e+01 4.253769424943391719e+00
3.085700453749216976e+01 -2.366925215569351693e+01 4.253769424943391719e+00
3.084905899236774829e+01 -2.367691374909546553e+01 4.253769424943391719e+00
3.084088768203518072e+01 -2.368479303948384285e+01 4.253769424943391719e+00
3.083184763808150208e+01 -2.369351001736569273e+01 4.253769424943391719e+00
3.082343120687153970e+01 -2.370162566869186804e+01 4.253769424943391719e+00
3.081533335454954070e+01 -2.370943412625502233e+01 4.253769424943391719e+00
3.080799438645976451e+01 -2.371651082000142452e+01 4.253769424943391719e+00
3.079963400001784279e+01 -2.372457242944396683e+01 4.253769424943391719e+00
3.079084903949474850e+01 -2.373304343986881904e+01 4.253769424943391719e+00
3.078184410133477300e+01 -2.374172656654056368e+01 4.253769424943391719e+00
3.077344371446733362e+01 -2.374982674690447126e+01 4.253769424943391719e+00
3.076522223040631943e+01 -2.375775441795154208e+01 4.253769424943391719e+00
3.075733612666153505e+01 -2.376535869424372649e+01 4.253769424943391719e+00
3.074898374147966962e+01 -2.377341258836903037e+01 4.253769424943391719e+00
3.074008492765069178e+01 -2.378199338329871892e+01 4.253769424943391719e+00
3.073231224554503527e+01 -2.378948829132625065e+01 4.253769424943391719e+00
3.072446294814105272e+01 -2.379705707663406145e+01 4.253769424943391719e+00
3.071708344118522405e+01 -2.380417286049999603e+01 4.253769424943391719e+00
3.070831301935140445e+01 -2.381262985180796221e+01 4.253769424943391719e+00
3.069863968034934842e+01 -2.382195749253146388e+01 4.253769424943391719e+00
3.069018263088412013e+01 -2.383011231052923407e+01 4.253769424943391719e+00
3.068203186409304095e+01 -2.383797179154526091e+01 4.253769424943391719e+00
3.067335143993271984e+01 -2.384634200144670757e+01 4.253769424943391719e+00
3.066424741888202732e+01 -2.385512067006175130e+01 4.253769424943391719e+00
3.065558510558996019e+01 -2.386347341632709274e+01 4.253769424943391719e+00
3.064809061033206206e+01 -2.387070007913243685e+01 4.253769424943391719e+00
3.063877965877621534e+01 -2.387967828313091090e+01 4.253769424943391719e+00
3.062961753014569410e+01 -2.388851298272221158e+01 4.253769424943391719e+00
3.062212026498388795e+01 -2.389574231644278868e+01 4.253769424943391719e+00
3.061272924154491548e+01 -2.390479773077759873e+01 4.253769424943391719e+00
3.060288401442858230e+01 -2.391429111681140895e+01 4.253769424943391719e+00
3.059436749872516259e+01 -2.392250327588912384e+01 4.253769424943391719e+00
3.058705309131003247e+01 -2.392955628669119861e+01 4.253769424943391719e+00
3.057879265259992252e+01 -2.393752152025636448e+01 4.253769424943391719e+00
3.057034455162170872e+01 -2.394566770956120294e+01 4.253769424943391719e+00
3.056170690712587756e+01 -2.395399666862459398e+01 4.253769424943391719e+00
3.055347868486586904e+01 -2.396193083706613791e+01 4.253769424943391719e+00
3.054479639617902009e+01 -2.397030284486111285e+01 4.253769424943391719e+00
3.053647948064601536e+01 -2.397832253692432758e+01 4.253769424943391719e+00
3.052859771923013099e+01 -2.398592262607039061e+01 4.253769424943391719e+00
3.052115921713947699e+01 -2.399309529674882668e+01 4.253769424943391719e+00
3.051263828162155178e+01 -2.400131171768914840e+01 4.253769424943391719e+00
3.050416741074779026e+01 -2.400947986315668814e+01 4.253769424943391719e+00
3.049595657858323960e+01 -2.401739726297650535e+01 4.253769424943391719e+00
3.048749106287760213e+01 -2.402556024465475915e+01 4.253769424943391719e+00
3.047919565524136587e+01 -2.403355919745371949e+01 4.253769424943391719e+00
3.047126865788677463e+01 -2.404120290593163389e+01 4.253769424943391719e+00
3.046275430179682786e+01 -2.404941298257446292e+01 4.253769424943391719e+00
3.045489811138781988e+01 -2.405698841455043890e+01 4.253769424943391719e+00
3.044676981504477453e+01 -2.406482622814985461e+01 4.253769424943391719e+00
3.043771809207523305e+01 -2.407355446767196838e+01 4.253769424943391719e+00
3.042927614284646864e+01 -2.408169472507380249e+01 4.253769424943391719e+00
3.041990824184129494e+01 -2.409072784330640005e+01 4.253769424943391719e+00
3.041175968368432692e+01 -2.409858519461876369e+01 4.253769424943391719e+00
3.040447655159239204e+01 -2.410560804779086297e+01 4.253769424943391719e+00
3.039646394496475423e+01 -2.411333430610409323e+01 4.253769424943391719e+00
3.038733098014866130e+01 -2.412214088411472446e+01 4.253769424943391719e+00
3.037747982851740147e+01 -2.413163998293774526e+01 4.253769424943391719e+00
3.036878399964167130e+01 -2.414002504703284302e+01 4.253769424943391719e+00
3.036056223876720139e+01 -2.414795298500082765e+01 4.253769424943391719e+00
3.035179301365259974e+01 -2.415640882235700104e+01 4.253769424943391719e+00
3.034198341522533227e+01 -2.416586785297216977e+01 4.253769424943391719e+00
3.033304127114656978e+01 -2.417449042964882011e+01 4.253769424943391719e+00
3.032490131787386645e+01 -2.418233948359159413e+01 4.253769424943391719e+00
3.031646460315832670e+01 -2.419047469354717350e+01 4.253769424943391719e+00
3.030775056743471296e+01 -2.419887731382796048e+01 4.253769424943391719e+00
3.029867897839418589e+01 -2.420762470946283784e+01 4.253769424943391719e+00
3.029121289893194913e+01 -2.421482397197416248e+01 4.253769424943391719e+00
3.028271488599763828e+01 -2.422301828952036473e+01 4.253769424943391719e+00
3.027357990746657279e+01 -2.423182680928138311e+01 4.253769424943391719e+00
3.026511563982556297e+01 -2.423998858749737551e+01 4.253769424943391719e+00
3.025643766557291769e+01 -2.424835643504404459e+01 4.253769424943391719e+00
3.024763696741010222e+01 -2.425684262068907060e+01 4.253769424943391719e+00
3.023890675236460623e+01 -2.426526084208769873e+01 4.253769424943391719e+00
3.023020000523479922e+01 -2.427365643424878527e+01 4.253769424943391719e+00
3.022192195400377202e+01 -2.428163865091226725e+01 4.253769424943391719e+00
3.021342691510866629e+01 -2.428983010070317050e+01 4.253769424943391719e+00
3.020414143508158489e+01 -2.429878374345459591e+01 4.253769424943391719e+00
3.019565617093258680e+01 -2.430696576782167639e+01 4.253769424943391719e+00
3.018723241421783143e+01 -2.431508848285944424e+01 4.253769424943391719e+00
3.017893781315633817e+01 -2.432308665790840507e+01 4.253769424943391719e+00
3.017137339842891919e+01 -2.433038074145555640e+01 4.253769424943391719e+00
3.016296787937231372e+01 -2.433848587059843993e+01 4.253769424943391719e+00
3.015573845061708624e+01 -2.434545693964197710e+01 4.253769424943391719e+00
3.014673889123544370e+01 -2.435413487975799285e+01 4.253769424943391719e+00
3.013854991399119854e+01 -2.436203120569167524e+01 4.253769424943391719e+00
